N = 2 
M = 2 
L = 2 
N_runs = 1000 
Cmin = 0.0 
Cmax = 1.5e-06 
Ai = 1e-06 
fskew = None 
Cskew = None 
8.679674167739699e-07	8.801966652224596e-07	8.073477474652999e-07	8.4453283019162e-07	
4.3676952585481055e-07	8.026618705653286e-07	4.333107932319999e-07	7.8113794295611e-07	
6.344097278772446e-07	7.316223628832929e-07	6.176050613249999e-07	7.177128858861e-07	
2.149733490127046e-07	7.248842868635401e-07	2.2061176495199998e-07	7.1153195796735e-07	
4.977006483375907e-07	4.5849126380753903e-07	4.911451688129999e-07	4.565107253022e-07	
9.72990793972407e-07	9.512870213481864e-07	8.690987644081999e-07	8.9311465114818e-07	
1.4406402864224029e-06	7.81002963824136e-07	9.646962496625099e-07	7.621933586566e-07	
5.257240026921291e-07	1.4721648185134184e-06	5.17514828454e-07	9.84479876167397e-07	
8.78448089476243e-07	9.303643218969034e-07	8.143827505047e-07	8.8005894786753e-07	
2.39322915281071e-07	5.533431286975503e-07	2.43845591775e-07	5.4883260580381e-07	
4.266887073565756e-08	3.262048682815589e-07	6.851102768e-08	3.2671653363455995e-07	
2.5214978292233555e-07	3.348838664489548e-07	2.56125048435e-07	3.352473613663e-07	
8.751200256070948e-07	6.814858362851707e-07	8.121667973372e-07	6.712063131394e-07	
1.2075866336050947e-06	7.096138538353304e-07	9.402957565842e-07	6.974319084288e-07	
7.66030865334784e-07	1.355140853187825e-06	7.30913031747e-07	9.80005912995852e-07	
1.4544742745980875e-06	3.8402221773441723e-07	9.655685257018799e-07	3.8352477123939997e-07	
4.588666885750803e-07	1.0007758145865442e-06	4.5435602681099994e-07	9.1920428123542e-07	
1.2721182305579185e-06	1.4797033214432306e-06	9.495515805517e-07	9.84698393071395e-07	
1.1717881340738897e-06	9.431517587907741e-07	9.338549662734e-07	8.8817214477981e-07	
9.981203591719721e-07	6.01199012075685e-07	8.808277393236e-07	5.949564183733e-07	
1.2452558757734257e-06	2.2511768004724244e-07	9.460129479522899e-07	2.2747339145099992e-07	
5.385163668720838e-07	1.0603615712242288e-06	5.29482191091e-07	9.4168442459493e-07	
8.747220695345854e-07	1.2063361250006133e-06	8.119060730147999e-07	9.6908906783647e-07	
8.61176297031219e-07	1.356779068990554e-06	8.027030199194e-07	9.80084672339335e-07	
9.57299027194806e-07	4.936120405614348e-07	8.611636437523999e-07	4.908016804059999e-07	
1.2187316263253985e-06	1.2590305714273776e-06	9.420969761203e-07	9.7400460819234e-07	
1.4626932365165235e-06	1.157809476487474e-06	9.660721204811e-07	9.6286130250183e-07	
4.3372110163105973e-07	4.293718400641515e-07	4.30401766338e-07	4.280080297675e-07	
7.449115987225763e-07	6.847410515878782e-08	7.135936981295999e-07	7.837285917000002e-08	
1.0477050873579526e-06	8.873052639230462e-07	9.005939462203999e-07	8.4988392528982e-07	
8.077428998397229e-07	1.125989914572755e-06	7.637680410734e-07	9.5751308408134e-07	
1.0708721480554206e-07	1.1386716855313479e-07	1.2070197183399988e-07	1.1995058386259994e-07	
4.5625108041215445e-07	1.1380035206457839e-06	4.518704317739999e-07	9.59681811080425e-07	
5.007081138019327e-07	1.1677398847958623e-06	4.939859023789999e-07	9.64312711410926e-07	
9.78385685819035e-07	1.4385065854255688e-06	8.717267313595e-07	9.834023830906e-07	
1.4446256798846286e-07	8.231517698815225e-07	1.544218494e-07	7.9864228170048e-07	
1.2070868418291693e-06	1.2234629291925587e-06	9.402183000806999e-07	9.7085857674674e-07	
7.749292700587315e-07	3.4043229008138656e-07	7.380720084739e-07	3.4070062918499997e-07	
3.848714208751013e-07	1.4412366274841933e-06	3.8366218556099995e-07	9.83498816975649e-07	
1.5106918591360652e-08	1.3484382358947029e-06	5.0760989739999905e-08	9.796782895045363e-07	
1.0717366948858596e-06	7.739928902065691e-07	9.086750339518e-07	7.559814622503e-07	
1.002114267069544e-06	9.464847324996354e-07	8.825856164996e-07	8.902192488812699e-07	
4.0848572337125594e-07	2.1738107971546944e-07	4.0628185965499997e-07	2.199037229042e-07	
1.4088515993930172e-06	6.461370948202716e-08	9.6252189053918e-07	7.500232702899997e-08	
5.352689860528915e-07	4.2440121054692627e-07	5.26444767717e-07	4.2313726284369996e-07	
2.823763723735795e-08	3.3034752743706304e-07	5.8731449090000016e-08	3.3078864414246995e-07	
1.1325045926052213e-07	6.042357161551387e-07	1.2615319933999988e-07	5.978716601189e-07	
5.411053923395495e-07	4.587384060960064e-07	5.31898198627e-07	4.5675230280929996e-07	
1.7748908119653124e-07	1.2438276814136096e-06	1.8516254727000004e-07	9.72748947562125e-07	
1.3963556547317259e-06	1.3180367731920031e-06	9.616051235204e-07	9.7802602985482e-07	
1.2314945704799695e-06	1.6679719882347954e-07	9.440359372335599e-07	1.7064004562299993e-07	
1.1632944512100213e-07	5.581867561261785e-07	1.288953951699999e-07	5.5351825113373e-07	
1.136478459204395e-06	1.1486300132820105e-06	9.263287723747e-07	9.6143980255221e-07	
5.9384399371483e-07	1.1173446750915677e-06	5.807263659099999e-07	9.558392373953399e-07	
7.904269577985397e-07	2.577971178084087e-07	7.503559204089999e-07	2.595067944169999e-07	
3.059717849622756e-07	3.1703430303875024e-07	3.0781788748499997e-07	3.177021893951999e-07	
9.71847902505321e-07	1.1523352735126016e-06	8.685399284782e-07	9.6202682389847e-07	
1.2961088820666933e-06	7.004165900039419e-07	9.523661384092e-07	6.888912980247e-07	
3.2254410088245335e-07	2.7775265158920776e-07	3.2375821291599997e-07	2.7910000709779994e-07	
2.6238876540356845e-07	1.7178269562573506e-07	2.6594193219500004e-07	1.7547151285829992e-07	
1.1887151502310516e-06	4.84035045833949e-07	9.370342852177e-07	4.814611260894e-07	
3.663563011643772e-08	1.3300484663354667e-07	6.430849691999993e-08	1.3811611139239997e-07	
6.477085511417888e-07	4.2249960560988106e-07	6.295387973317999e-07	4.212734937635e-07	
1.1550215655984893e-06	3.8583826984536137e-07	9.3043650669861e-07	3.853078029725e-07	
2.300610824532494e-07	1.01032889518249e-06	2.3499777166599992e-07	9.234434008440949e-07	
8.988594214566484e-07	1.0015156103388131e-06	8.275607795818999e-07	9.1953421598573e-07	
6.012350379503978e-08	1.1541747513042368e-06	8.15129280199999e-08	9.62321838499328e-07	
3.311287539725217e-07	2.628040364654982e-07	3.320153778939999e-07	2.6442106605529996e-07	
8.018200197070264e-07	1.499270198091182e-06	7.59227288196e-07	9.85249914661693e-07	
1.3598601284932837e-06	9.165493710626385e-07	9.586472383438999e-07	8.7082863322165e-07	
2.1568032622898427e-07	5.199666598450238e-07	2.2128421788899997e-07	5.164585026409999e-07	
1.1477063856504804e-06	1.1851947574533304e-06	9.288640902614999e-07	9.6661782493517e-07	
6.539757007232557e-07	2.9758205570273076e-07	6.351325446004e-07	2.9858289918270003e-07	
1.3798203461238259e-06	2.544877954663078e-07	9.6031021569349e-07	2.5625949135300003e-07	
5.496938418558664e-07	4.572988579273738e-07	5.39906443738e-07	4.5534459662039996e-07	
1.497314135082564e-06	6.12789874872733e-07	9.6803259517667e-07	6.060635045383999e-07	
2.7221359273089984e-07	6.193678431995332e-07	2.75371884651e-07	6.123575180856699e-07	
1.4073671691968342e-06	1.3912931500140197e-06	9.624218558571e-07	9.81626641541361e-07	
1.1638802509380792e-06	1.1341386577265391e-06	9.322808144074e-07	9.5899729128034e-07	
8.997669088035168e-07	8.393137567661952e-07	8.281285542379e-07	8.1210521000604e-07	
9.478593217440709e-07	1.0348530735844656e-06	8.561699923752999e-07	9.331662611994499e-07	
6.668674288304124e-07	2.1005000048636563e-07	6.465750234619999e-07	2.1273737615300003e-07	
1.1839739774228557e-06	1.208378040122433e-06	9.361748059815e-07	9.6930789607914e-07	
1.1021608590837343e-06	9.861154244482704e-07	9.176626349527e-07	9.121933285142e-07	
1.1869666753502491e-06	1.1562891890468127e-06	9.367225494055e-07	9.6263350292414e-07	
1.077668225958015e-06	3.3877452447418975e-07	9.105298220917e-07	3.3907116655449993e-07	
3.910272796809006e-07	6.20843481229523e-07	3.895566867729999e-07	6.137671848188e-07	
3.5627920206461186e-07	5.855404204906165e-07	3.5619750730399995e-07	5.799094787594e-07	
1.3422293484883867e-06	4.6535739170783536e-07	9.5706492269335e-07	4.6322187922769995e-07	
1.1333298438413574e-06	1.2911884022207367e-06	9.255954158187e-07	9.763521394719898e-07	
9.414960876423284e-07	3.4763276539614065e-07	8.527017054404e-07	3.4777724900000003e-07	
8.950074950964451e-07	7.002091967537416e-07	8.251262273592999e-07	6.88699524825e-07	
4.018811371124131e-07	8.5277342389546e-07	3.99958703184e-07	8.2306805960103e-07	
1.0355952268108116e-06	1.3093648839897185e-06	8.961712332302999e-07	9.77511690317684e-07	
9.904100644759164e-07	3.3883838524883546e-07	8.773535464624e-07	3.3913389711629995e-07	
3.970408597988303e-07	1.0074199185250678e-06	3.9532263444699993e-07	9.2217808432423e-07	
8.941097932338805e-07	3.4360339012575374e-07	8.245542630861e-07	3.4381726094629995e-07	
1.3143237900713898e-06	7.635691353179557e-07	9.543282342709e-07	7.466738479509e-07	
7.681228888325786e-08	1.2064569842350834e-06	9.486738921000001e-08	9.691101185783709e-07	
8.222922444552757e-07	1.3455619779337398e-06	7.747557778466e-07	9.7952839239498e-07	
7.443202286724119e-07	4.4531207400659565e-07	7.131038220877999e-07	4.436172799168999e-07	
7.849265128640089e-07	3.4216044124817986e-07	7.460258225357e-07	3.423991270620999e-07	
1.3835636148044997e-06	1.1185750026250721e-06	9.606128630406999e-07	9.5607583927513e-07	
2.5811219868954237e-07	2.840585640806167e-07	2.6184029666299993e-07	2.8529459179099993e-07	
1.5210107267271255e-07	6.153719451116376e-07	1.6146867334e-07	6.0853735118306e-07	
1.3512572202119093e-06	3.5539274539291096e-07	9.5788745939065e-07	3.554028842295e-07	
6.177261604559096e-07	8.403958544008691e-07	6.02519363682e-07	8.129980348925499e-07	
2.9839765027766605e-07	1.1722664550951506e-06	3.005399315899999e-07	9.649409348687959e-07	
1.2303974863656998e-06	1.424717324693184e-06	9.438832907295e-07	9.82918342297393e-07	
1.3699010099294484e-06	3.279451421087584e-07	9.5949854509619e-07	3.2842677874520005e-07	
6.029827299615915e-07	1.340352948964647e-07	5.890894858251e-07	1.3910028751399987e-07	
1.3846917438088483e-06	1.0953257738997778e-06	9.607017940055e-07	9.510502167795599e-07	
6.733948444521858e-07	1.4238230375749133e-06	6.5234100393e-07	9.82889154665683e-07	
1.2909985298043942e-06	9.27528092470125e-07	9.517896959414e-07	8.7819873800584e-07	
1.0781655321423828e-07	1.2162187043480719e-06	1.213615753799999e-07	9.70142178244259e-07	
7.509642174793357e-07	1.3330748768430972e-07	7.185969244810999e-07	1.3840499909399996e-07	
3.0180509795969847e-07	1.188346970788675e-06	3.038169282189999e-07	9.670168851305089e-07	
9.37325726645862e-07	6.116445641363577e-07	8.503911553418e-07	6.049681392047999e-07	
3.0265763376510567e-07	5.297908559665523e-07	3.0463071369299994e-07	5.260022710111999e-07	
9.709409427602705e-07	6.445435071209659e-07	8.680870868636e-07	6.363377670027e-07	
1.479972838256678e-06	1.3149557043501714e-06	9.670813921923e-07	9.7784488971122e-07	
1.1482472519180399e-07	1.4088171228000203e-06	1.275838650799999e-07	9.82333498921537e-07	
5.673087137570412e-07	3.447500731768882e-08	5.562652698218e-07	5.039427704099996e-08	
1.3375805319222701e-06	8.087918036948967e-07	9.56630914536e-07	7.864133779868999e-07	
1.0624720113040056e-06	1.2149589371114298e-06	9.056732328301999e-07	9.7000306684663e-07	
1.0033960186329182e-06	1.3995662842163659e-06	8.831509792363e-07	9.819650123826999e-07	
1.172433519593975e-06	6.168956136463372e-07	9.339791203540999e-07	6.099917195692e-07	
1.2055176776306868e-06	3.264954854609534e-07	9.399506623366699e-07	3.2700179161969993e-07	
5.381589134159486e-07	4.686743420248833e-07	5.29146156198e-07	4.664639156761999e-07	
1.2943839105121515e-07	6.972787927828079e-07	1.4069384303999996e-07	6.859741697277999e-07	
7.603156279209912e-07	1.347185956188342e-06	7.26269004476e-07	9.796112829000809e-07	
5.311910398000272e-07	9.746658866663783e-07	5.226305202559999e-07	9.0630723461572e-07	
7.505964174165535e-07	3.648544689515445e-07	7.182943368497e-07	3.6469941230529996e-07	
5.518971852060957e-07	8.536262658487163e-07	5.41958346251e-07	8.237520455219799e-07	
1.4389618949383488e-06	1.2352573291618548e-06	9.64591004439e-07	9.7197439693962e-07	
3.33863624348373e-07	1.4380931892110127e-07	3.346457444259e-07	1.484641982411999e-07	
1.062574189099434e-06	1.1279735450922932e-06	9.057054770489e-07	9.578804412961099e-07	
9.651983808359181e-07	2.2558992810977131e-07	8.65214284998e-07	2.279356237709999e-07	
1.6130934043185103e-07	1.3053813160161781e-06	1.7003376334999988e-07	9.77274178141688e-07	
5.080636498926322e-08	1.4851493190970577e-06	7.447271250999991e-08	9.848611194617223e-07	
6.353371277688915e-07	1.0260502136376936e-06	6.184414427169999e-07	9.2986067808495e-07	
1.382264995172034e-06	1.1729403215001652e-06	9.605103815038e-07	9.650213336508799e-07	
9.880622660291962e-07	1.4854987491847214e-06	8.762872496947e-07	9.848663236766089e-07	
7.538491788931532e-07	4.021704886545408e-07	7.209706970416e-07	4.013375948752999e-07	
1.321249237117447e-06	7.696939885544935e-07	9.55036565315e-07	7.521518522126999e-07	
3.015535667746829e-07	1.820385100546068e-08	3.0356881016989997e-07	3.902158806400004e-08	
3.9691803550337167e-07	6.040973429939229e-07	3.9520323901100004e-07	5.977382750377e-07	
1.154937449008121e-06	1.048064595019319e-06	9.304228229016e-07	9.377658310011999e-07	
1.0401878463712609e-06	7.811918505668703e-08	8.978696679668899e-07	8.694217256799991e-08	
9.753198166438398e-07	3.1354414883262534e-07	8.702326482257999e-07	3.142713082999999e-07	
1.1623681134999486e-06	1.0205814138367242e-06	9.319707707038999e-07	9.276944858858599e-07	
6.059337055938772e-07	1.4060454194741334e-08	5.917842186262499e-07	3.642334829100005e-08	
1.1237702130656198e-06	1.2329509446449269e-06	9.232895485272e-07	9.717638474011199e-07	
6.409209570956862e-07	9.471995323553382e-07	6.234595585429999e-07	8.906591640433599e-07	
3.2781544285536184e-07	8.656699421970328e-07	3.28829495041e-07	8.333190690927099e-07	
1.0344180592580689e-06	8.252957236866618e-07	8.957199982314e-07	8.004396951184e-07	
1.3533257912199536e-06	1.3914729044874216e-06	9.580794608846e-07	9.81634271582986e-07	
1.1802194169530902e-06	2.4434837281362826e-07	9.3546841496479e-07	2.46314155933e-07	
9.28448529112379e-07	1.1056051086896832e-06	8.453665352961999e-07	9.533820305851299e-07	
6.498337429088208e-07	7.735438209339928e-07	6.314385721779999e-07	7.555848040462e-07	
7.858052892924852e-07	1.021111576884607e-06	7.467227809589999e-07	9.279120327500599e-07	
9.681186185507583e-07	1.1035839376584675e-06	8.666882253487e-07	9.5293764989677e-07	
1.0857397635093027e-06	9.49759563281406e-07	9.129764446032e-07	8.9219934819189e-07	
1.361484928640222e-06	6.432424930236702e-08	9.5878486959038e-07	7.475102843199996e-08	
1.0159343014687255e-06	1.498840947379415e-06	8.884444993444e-07	9.85237163748448e-07	
1.0617112787486223e-06	1.3484617397539486e-06	9.054230385861e-07	9.79673511177834e-07	
1.1732073695547285e-07	7.767099704633465e-07	1.297814460999999e-07	7.5840048056666e-07	
3.523338790191376e-07	2.8049028407682307e-09	3.524053210563e-07	3.007306144900003e-08	
9.864187902301134e-07	1.254571992530891e-06	8.755205517092999e-07	9.736463888704799e-07	
6.59421496998776e-08	9.855820619543882e-08	8.606226972900001e-08	1.0562785755259988e-07	
1.3358048709565046e-07	5.009853060323751e-07	1.4445825582399993e-07	4.9798783155966e-07	
3.052049843331939e-08	1.1694681133388458e-06	6.022814108999999e-08	9.64557028958959e-07	
1.2540495514910706e-06	2.2738498221687372e-07	9.4721408853922e-07	2.2969300843099995e-07	
1.1341853394809474e-06	8.512015558701564e-07	9.257902266741999e-07	8.2179450571612e-07	
5.466867846116453e-07	7.517521202759759e-07	5.371052464779999e-07	7.360369095051199e-07	
3.5983670191561934e-07	1.0086227543809928e-06	3.596179819659999e-07	9.2270368584392e-07	
1.6829397494926095e-07	1.1680707384939708e-06	1.7654304439999998e-07	9.64362936933768e-07	
1.2504896470516063e-06	7.94900894615243e-07	9.467355489015999e-07	7.743937704716e-07	
2.80758127478262e-07	5.320790794829913e-07	2.83578680727e-07	5.282235809879e-07	
7.034815313249972e-07	1.161675567430743e-06	6.785489222789999e-07	9.6344110790479e-07	
8.50429686779369e-07	3.319380583265125e-07	7.951887227892e-07	3.3235164977690003e-07	
9.030364198799307e-07	1.4400042942515625e-06	8.301767484992e-07	9.834536734403309e-07	
9.167351915928631e-07	7.826918558769907e-07	8.385042237167e-07	7.636867781340999e-07	
1.1263904979726567e-06	8.098080811755362e-07	9.239264900759e-07	7.872862827629e-07	
8.856410744092413e-07	1.4253449307262806e-06	8.191146970663e-07	9.8294254332423e-07	
1.2337945855686487e-06	3.4709353605489126e-07	9.4437547375376e-07	3.472472664095999e-07	
6.326632185814757e-08	2.871830504611904e-07	8.394941791999992e-08	2.8836450262762997e-07	
8.175240475190783e-07	6.905544781810434e-07	7.711786469712999e-07	6.796962293034e-07	
1.9777234476679207e-07	8.365652935855476e-07	2.0428239185999993e-07	8.098442774567799e-07	
1.0490158801182679e-06	1.3781452651426733e-06	9.010669811484e-07	9.810675318340639e-07	
1.4644290630930667e-07	1.4816022942026325e-06	1.5627309434999995e-07	9.847594988633639e-07	
1.476682121177711e-06	1.498240933908706e-06	9.668959807396e-07	9.85219323189e-07	
1.1973624565366307e-06	8.461697295361024e-07	9.385657466638999e-07	8.1771600174186e-07	
3.695879378836414e-07	6.376220393637649e-07	3.68983313958e-07	6.297622980737e-07	
7.002625994816179e-07	1.144514509727223e-06	6.757723075409999e-07	9.6077615704028e-07	
3.7135428855288905e-07	8.738563555534192e-07	3.7068008588999994e-07	8.396864667455e-07	
2.3159087299769188e-07	8.245245871882829e-07	2.3645624201199998e-07	7.997981721839499e-07	
5.562620888408391e-07	1.990162223331715e-08	5.460168919651999e-07	4.012286536300008e-08	
4.977803196204558e-07	1.7791692203642152e-07	4.912201916093999e-07	1.8142515887099992e-07	
1.0968853153903113e-06	1.4971709025187903e-06	9.162071181779e-07	9.8519136353301e-07	
1.243665362489418e-06	1.9885093606183146e-07	9.4579056253435e-07	2.0180424349399994e-07	
6.827529422735029e-07	7.759383245494235e-07	6.6054803933e-07	7.5771210077822e-07	
1.317388896755367e-09	4.94126419256134e-07	4.3338636049999976e-08	4.9130397889236e-07	
7.868360762093863e-07	8.908931974042338e-07	7.475347677338999e-07	8.525519392706e-07	
9.77038456285354e-07	1.3663482776676933e-06	8.710763300176999e-07	9.805364018796939e-07	
1.164667842844996e-06	6.970307208939141e-07	9.324364090829e-07	6.857385993217999e-07	
3.725539496922459e-07	8.598716643179577e-07	3.7183196843199994e-07	8.2874196389435e-07	
3.962290758130554e-07	1.1679309010781981e-06	3.945470100359999e-07	9.6434085314487e-07	
4.5723683664290827e-07	6.852950347784224e-07	4.52804960374e-07	6.747778974637e-07	
8.007349893247472e-09	9.01124157169873e-07	4.6782773379999944e-08	8.6001699641639e-07	
2.637933164241738e-07	8.93947472866149e-07	2.6729091658099996e-07	8.5480757866434e-07	
2.3668925583176632e-07	2.683799527666038e-07	2.4132705362399986e-07	2.698952932547e-07	
6.581081895990761e-07	3.811362953128119e-07	6.388103030574e-07	3.806914118601e-07	
9.310980063801026e-07	1.3204976080703127e-06	8.468868273019999e-07	9.78170851123907e-07	
3.7819831051808526e-07	5.582963367657579e-07	3.7724974175099993e-07	5.536237570849e-07	
3.5325349789471126e-07	8.618579723102903e-07	3.5329008058699995e-07	8.3031596607391e-07	
1.3611497251753121e-06	6.306655218193681e-07	9.5875746318394e-07	6.231363277120999e-07	
4.541106359409544e-07	8.186125935256209e-07	4.4983165341099993e-07	7.9480114543327e-07	
1.0958900475538975e-06	4.076422218028003e-07	9.159136390726e-07	4.067051725627999e-07	
1.7928301686920505e-07	7.666294506511727e-07	1.8683544500999996e-07	7.4942087063976e-07	
1.0467028924389231e-06	1.0931348638723363e-06	9.002393688949e-07	9.5053369799716e-07	
9.392828166631417e-08	1.3795395666293968e-06	1.0928512776999996e-07	9.811349090122406e-07	
1.3711423294290125e-06	8.732187650794912e-07	9.596036255892e-07	8.3918501364241e-07	
6.848326528955706e-08	7.932265274168959e-07	8.808561484999996e-08	7.7294028783446e-07	
1.3748472474122538e-06	5.010068333193797e-07	9.5990764263025e-07	4.980072456472999e-07	
5.242751464041575e-07	6.781275895232874e-07	5.16149172662e-07	6.680563795109e-07	
1.0973309425131655e-06	6.626184768206e-07	9.163205667461999e-07	6.534507717795999e-07	
4.267245526314571e-07	1.1559958277150866e-06	4.2372566239900004e-07	9.625976122641999e-07	
6.18658628812711e-07	1.3275682761707721e-06	6.03370217326e-07	9.78573053793855e-07	
5.1748949360144846e-08	7.848286463119059e-07	7.512331433999998e-08	7.6557538918374e-07	
1.3352446558142365e-06	1.3769816278926315e-06	9.564151952026999e-07	9.81015111308773e-07	
5.854144866775542e-07	5.109650216160677e-08	5.729796466739e-07	6.353343335999996e-08	
1.1648855191558722e-07	1.4297047463860555e-06	1.2906863461e-07	9.831026589573159e-07	
5.695022229271975e-07	3.0650839389214307e-07	5.582960126874e-07	3.0735590899239995e-07	
7.844177334050635e-07	9.706817337203596e-07	7.456260012766e-07	9.041644028762e-07	
4.4543864964855785e-07	7.247390586554564e-07	4.415749878459999e-07	7.1139721583169e-07	
3.4620409259511533e-07	6.528364914425874e-07	3.4651286765799994e-07	6.442036100741399e-07	
2.20163989837342e-08	1.0205036328790504e-06	5.48266048e-08	9.27676567988979e-07	
1.0781570876312125e-07	4.345476017512537e-07	1.2134315198999987e-07	4.3307852534544995e-07	
1.418414940228733e-06	1.0174331450842354e-06	9.632043753843e-07	9.264131340705299e-07	
1.3931203668713958e-06	7.827099475458663e-07	9.6135434057212e-07	7.637005603136999e-07	
1.719152996798416e-07	6.921336312704349e-07	1.7992165271999997e-07	6.8117436042191e-07	
8.627573155448088e-07	5.816652858520219e-07	8.037842445385e-07	5.761770223067e-07	
5.028890595901147e-07	1.3437902380314663e-06	4.96044778669e-07	9.79440445108215e-07	
1.0966220608740406e-06	1.3229124106844486e-06	9.161295399417e-07	9.783078904605389e-07	
7.832502491526457e-07	4.833692259685345e-07	7.446999662547e-07	4.808119223057999e-07	
1.0035663401785333e-06	1.1060959811436257e-06	8.832188917446999e-07	9.534879997649599e-07	
8.170844268688727e-07	1.2745954729266264e-06	7.708536613194999e-07	9.75194920790548e-07	
3.2302486988113536e-07	1.2071670910098358e-06	3.242268618829999e-07	9.69185775156099e-07	
3.216816437660615e-07	1.3156422655589363e-06	3.229373639399999e-07	9.77893486569681e-07	
8.064083368570544e-07	7.547583865141228e-07	7.627441559506e-07	7.387508733023999e-07	
8.291543850214217e-07	1.727212171232198e-07	7.798331387313999e-07	1.7638188987899994e-07	
1.1334391444038761e-07	2.344724379708385e-08	1.2623684798109994e-07	4.249346343899994e-08	
1.406248572938398e-06	1.492859967127164e-06	9.623417451409999e-07	9.85071733152245e-07	
9.001687145021498e-08	1.0867374068935669e-06	1.0591818521000003e-07	9.48981107323003e-07	
4.97291713780609e-07	1.0219762114166546e-06	4.90760882052e-07	9.282623021804199e-07	
6.680753122503238e-07	8.62348763017453e-07	6.476437368089999e-07	8.3070033799381e-07	
3.2544266251479137e-07	1.2539134111049156e-06	3.2655350124699996e-07	9.73598995839081e-07	
3.219597275740388e-07	4.204786627843377e-08	3.2319601883569995e-07	5.6222951300999955e-08	
4.571473935239891e-07	5.205405730920452e-07	4.527197767269999e-07	5.170160013053e-07	
7.220046725769441e-07	1.2454657801177377e-06	6.943841136e-07	9.728851509094e-07	
2.7947824788113474e-08	1.1175905974403989e-06	5.8554414350000025e-08	9.55893288728999e-07	
1.0445106254251525e-06	1.3702525414241222e-06	8.994575449681e-07	9.80715061693872e-07	
3.50995649620906e-07	1.4762860516757028e-06	3.511303102639999e-07	9.84603377420217e-07	
1.907587173276412e-07	2.8427409922829246e-07	1.9764844871699995e-07	2.8550636757599995e-07	
5.368020377498685e-07	1.0304484660554751e-06	5.27879802997e-07	9.3154144177379e-07	
2.282352073786898e-07	2.0369988941801266e-07	2.3325120241000002e-07	2.0653567895129994e-07	
1.1660271887726242e-06	3.5766905110817246e-07	9.32709276431e-07	3.5763961333899994e-07	
1.5622081546223366e-07	6.811373525295084e-08	1.6528622406400004e-07	7.805678269929989e-08	
3.443143758846787e-07	5.240020252072182e-07	3.446957977649999e-07	5.203799507257999e-07	
1.6510213184578986e-07	2.0242371180589449e-07	1.7355133590499995e-07	2.0529008430109998e-07	
1.0295909837384557e-06	2.5199621590119627e-07	8.938722023990899e-07	2.5381496598399995e-07	
4.798873736725313e-07	5.319431729613007e-07	4.7430290518800003e-07	5.280913008750999e-07	
2.799025087148945e-07	1.0165116543904151e-06	2.8275939783500006e-07	9.2604897938874e-07	
1.1247065677442541e-07	2.4007561248437757e-07	1.2546063779699992e-07	2.4212541545339996e-07	
9.288378347835468e-07	7.640991327262365e-07	8.455865581912e-07	7.471505655962999e-07	
1.076048926707344e-06	7.884507872097112e-07	9.100302638755e-07	7.687529714368999e-07	
2.7939362472371065e-07	1.7367929452969156e-07	2.8226754055999987e-07	1.773112846665e-07	
2.2874323159729315e-08	9.294633104475532e-07	5.534897662999994e-08	8.7948019643174e-07	
1.3220040201156162e-06	3.4319034159241295e-07	9.5511114772303e-07	3.434112425268999e-07	
1.4138729295277213e-06	2.8254263523226836e-07	9.628818745625699e-07	2.8380515908399995e-07	
9.685556113435565e-07	1.0946105965174585e-07	8.6690004241117e-07	1.158060919669999e-07	
1.1439789080427323e-06	2.0567986219581464e-07	9.2803075763578e-07	2.0846884545299995e-07	
4.038608981207632e-07	6.72092779906297e-07	4.01854408613e-07	6.623839037616399e-07	
1.4540046672678505e-06	1.099913288036686e-06	9.655426699554e-07	9.521103471937899e-07	
6.314087434269806e-08	4.4399644912102273e-07	8.385016304999994e-08	4.4233025030827004e-07	
1.2969377748322834e-06	7.099049408758526e-07	9.524587072128999e-07	6.977013062032e-07	
1.2162304890079749e-06	3.7327266500508377e-07	9.416949952066399e-07	3.729684565853999e-07	
1.3591251869072245e-06	6.865189415663012e-07	9.585824554144899e-07	6.759204841709001e-07	
8.59475550412154e-07	1.1468206570352946e-06	8.015233293343999e-07	9.6115101478327e-07	
2.7837699407907787e-07	1.4153453419221771e-06	2.81304174695e-07	9.82580297656628e-07	
1.1610662338256661e-06	7.144407777297067e-07	9.317011033675e-07	7.0189931417e-07	
5.263232891511604e-07	3.9415674270236037e-07	5.180692149829999e-07	3.9347382484719996e-07	
6.270141060336167e-07	3.649967894679774e-07	6.109321477091e-07	3.6483930040049997e-07	
7.218631288868736e-07	3.789599776254254e-08	6.9425862441999e-07	5.2990773621999955e-08	
8.342488232109082e-07	1.9135381045427902e-07	7.835678260196999e-07	1.944961759889999e-07	
1.2985907024244223e-06	3.232233431205624e-07	9.5264097786346e-07	3.237854657912e-07	
1.0142099686668958e-06	4.745319041312922e-07	8.877206065863999e-07	4.7218493399139996e-07	
1.3575471706657981e-06	1.1594711183096394e-06	9.584483447729e-07	9.631101427602899e-07	
3.5938769020685225e-07	3.444778555994696e-07	3.5918440940399996e-07	3.446769791487e-07	
1.063165559617042e-06	1.1848578201754374e-06	9.059024048632e-07	9.6657629528822e-07	
1.708122112090774e-07	1.0838676634195077e-06	1.7889521625999994e-07	9.48254425411757e-07	
1.590860317184234e-07	9.507274445620524e-07	1.6795058807999997e-07	8.927921905208349e-07	
8.198195555419431e-07	3.724666839370787e-07	7.729000458741999e-07	3.7217698765589993e-07	
3.7072716614975704e-07	1.3018228866165324e-06	3.7008411697700003e-07	9.77049725915485e-07	
1.6902497396024653e-07	1.4558488834667112e-06	1.7724051789999992e-07	9.8397856864378e-07	
1.1056247336639592e-06	3.395669358571563e-07	9.186004924636299e-07	3.398499620911999e-07	
6.935459601137167e-08	1.276902179210742e-07	8.878568087799998e-08	1.330479281199e-07	
1.687237627300381e-07	5.812064959522379e-07	1.7693463280699995e-07	5.7573673872453e-07	
5.16500599224925e-07	1.2645934018371115e-06	5.08854855233e-07	9.74446743730985e-07	
1.3299271133312113e-07	1.2704276342675726e-06	1.4394153922e-07	9.748931882576529e-07	
9.252950709599084e-07	1.1494662425304098e-06	8.435455224869e-07	9.6157522416801e-07	
2.6574381160439327e-07	1.276686968371888e-06	2.6917092912599997e-07	9.75352156803575e-07	
3.673235637690164e-07	4.939862934139378e-07	3.66808455494e-07	4.911673214565e-07	
1.481273239947085e-06	1.6675787077346112e-07	9.671491912288599e-07	1.7060209241799993e-07	
9.505503225354042e-07	8.049814370414377e-08	8.5760655209215e-07	8.908378225399994e-08	
4.941769096109736e-07	3.4176764431099646e-07	4.87818237439e-07	3.420131591161e-07	
3.722725695788505e-07	1.243122916387105e-06	3.7156687506299996e-07	9.72685825097373e-07	
7.266674918988602e-07	5.660944240599053e-08	6.983243046663e-07	6.814121521300003e-08	
1.4163281412285454e-06	1.1058726630102312e-06	9.630589715553e-07	9.534360679127699e-07	
8.965229928846308e-08	1.0559592581750526e-06	1.0560603667999993e-07	9.403302268495759e-07	
1.1005879556005772e-06	2.1436727103930691e-07	9.1722554658463e-07	2.1695684551599992e-07	
6.20452889474257e-07	1.3053245461776774e-06	6.04997434223e-07	9.77266763388877e-07	
1.3213823798125181e-06	1.459652820925217e-07	9.5504803704878e-07	1.5053596961599996e-07	
8.608810805453725e-07	1.4939846027408445e-06	8.025017148885999e-07	9.85104974301358e-07	
1.2861572826588785e-06	3.679717702441152e-07	9.512286289267999e-07	3.6776163211869996e-07	
5.694643185769674e-07	2.117750863854616e-07	5.582608506461e-07	2.144230392700999e-07	
6.227180262942616e-07	1.4090137476897717e-06	6.07051441213e-07	9.82337794872959e-07	
6.170998227435069e-07	5.095266301674527e-07	6.01950016027e-07	5.063035242737999e-07	
1.1539217687086704e-06	1.416636181983366e-06	9.302132812422999e-07	9.82622792275085e-07	
1.1383215929223367e-06	1.449436769720135e-06	9.267599781996999e-07	9.83766122818536e-07	
1.331544852453311e-06	4.966190091611318e-07	9.5605270649196e-07	4.937321396622999e-07	
3.530391501345843e-07	8.609876084758885e-07	3.5308408023299993e-07	8.2962716592778e-07	
7.965520820915506e-07	1.7599416355418612e-07	7.551381114464e-07	1.7955807955999997e-07	
4.4002882816420796e-07	1.3765157017252162e-06	4.364255991219999e-07	9.81000186028811e-07	
6.415951836892046e-07	6.856768986586236e-07	6.24063683278e-07	6.751346589340999e-07	
1.2520556721285368e-06	7.92746965589682e-07	9.469478898366e-07	7.725139690452e-07	
4.643228755320521e-07	7.558558839210056e-07	4.59539783775e-07	7.397432240380399e-07	
8.972220022729338e-07	7.801533475818235e-07	8.265280825131e-07	7.614447783766e-07	
1.058498150499082e-06	3.404260827913852e-07	9.043343832738999e-07	3.4069437818609993e-07	
1.1053559226700014e-06	9.615419606251128e-07	9.185314517624e-07	8.990847515799099e-07	
7.92405861649055e-07	4.0804517963668337e-07	7.519060650335e-07	4.07100685672e-07	
1.4731841725124102e-06	1.2828148963518794e-06	9.666920111051e-07	9.7577825873206e-07	
9.273836194271221e-07	1.0920307770226059e-06	8.447531344986e-07	9.5027015923631e-07	
4.189337505667978e-07	1.003141265548126e-06	4.1627872308699996e-07	9.2027753305554e-07	
1.3636984806605105e-06	8.493553352328206e-07	9.589769463544e-07	8.2030110134493e-07	
8.674211681605432e-07	9.713477646647213e-07	8.069770994505999e-07	9.0452382999048e-07	
8.066869918739697e-07	3.451773342143486e-07	7.629561525277e-07	3.453641207852999e-07	
1.2611113473887672e-06	3.491549143121489e-07	9.4814588813046e-07	3.4927307052369995e-07	
9.042688903801319e-07	5.578052965814573e-08	8.3092845555233e-07	6.744180495699996e-08	
2.278705860047614e-08	8.444089187066433e-07	5.529371204999991e-08	8.16289094146029e-07	
3.1793646361732855e-07	6.582613395352603e-07	3.193264200609999e-07	6.4933701896853e-07	
2.3491438697046559e-07	9.670888836932734e-07	2.396330356789999e-07	9.0220588779277e-07	
2.8861808334979595e-07	5.318790385330495e-07	2.91132038644e-07	5.280293777235999e-07	
5.5085421889068676e-08	7.174017181849325e-07	7.763271939999998e-08	7.0463898470019e-07	
1.1965409081638762e-07	1.1978901966406896e-06	1.3188478065999994e-07	9.6815088796066e-07	
1.3124057925869531e-06	3.358009067141967e-07	9.541270776529199e-07	3.36148415223e-07	
1.0206780986689714e-06	5.642211695812788e-07	8.903595769358999e-07	5.593489705916e-07	
8.808951368324273e-07	1.2841223368648215e-06	8.16004787455e-07	9.7587267052451e-07	
9.81638918660277e-07	8.643333876747039e-07	8.732696088930999e-07	8.322617173361399e-07	
2.297567147726193e-08	1.2779206142711904e-06	5.544117858999996e-08	9.75440959343298e-07	
1.01213838995512e-06	4.775983245924254e-07	8.868596036773999e-07	4.751790400004e-07	
2.3223613948600801e-07	1.4147629873498042e-06	2.3708786702999995e-07	9.82558768022376e-07	
7.202236396001092e-07	9.305567192001052e-07	6.928692367999999e-07	8.8018635569473e-07	
7.902507950057947e-07	6.964964364012631e-07	7.502190612763e-07	6.852420381350999e-07	
5.860732964108986e-07	2.70867053749777e-07	5.735858444737e-07	2.7233748010290003e-07	
1.4383331067411488e-07	1.6137821901361556e-07	1.5384205562699994e-07	1.6539623521470002e-07	
1.3083543205707426e-06	4.9458426706034e-07	9.5370049267877e-07	4.917490371346e-07	
1.1918969753787479e-07	1.0974117794589565e-06	1.314627597399999e-07	9.51552106853725e-07	
8.856541531071005e-07	1.345877618126369e-06	8.191216995493e-07	9.795439919660708e-07	
1.404024540164539e-06	1.078837194158e-08	9.6217017560849e-07	3.4467550260000016e-08	
3.1741023855367023e-07	1.3607855942689948e-06	3.188299210889999e-07	9.80280886986449e-07	
7.967706682803965e-07	6.141204437838153e-07	7.553091629090999e-07	6.073381706315999e-07	
4.3073960404275647e-07	1.0275277645372912e-06	4.27557967792e-07	9.304338749795399e-07	
1.329333323299462e-06	2.5504776087066027e-07	9.5583704156663e-07	2.568089011799999e-07	
5.489926468292313e-07	3.5460801422751254e-07	5.392533189917999e-07	3.546320390054999e-07	
3.7987073881224896e-07	7.682563013762285e-07	3.788551152779999e-07	7.5087384093756e-07	
2.2149292066606368e-07	6.862702851412328e-08	2.2682033372809995e-07	7.850714911599996e-08	
1.2347212338699465e-06	2.3192277339897704e-08	9.44510331944757e-07	4.231826655999993e-08	
9.801816378808754e-07	6.05509068406931e-07	8.725751166835e-07	5.990902257618999e-07	
3.199028700481551e-07	8.401955384267437e-07	3.2121844080399993e-07	8.128364652435299e-07	
7.953065723385409e-07	4.612532390556121e-07	7.541698152992e-07	4.592107828539e-07	
9.624646841309027e-07	4.211237882218859e-07	8.638263856199e-07	4.199246396078999e-07	
7.292782324978454e-07	4.534310891110654e-07	7.005266749338999e-07	4.515615003691999e-07	
9.011085860840348e-07	1.1370896618482927e-06	8.289710589755999e-07	9.5951763357297e-07	
2.6563677804267537e-07	6.427253181160747e-07	2.6905872016399994e-07	6.346136272035899e-07	
6.055624626458684e-07	6.099000685248794e-07	5.91445950786e-07	6.032986173033e-07	
4.936759375915887e-07	1.1081757216402387e-06	4.873478516859999e-07	9.5394341894513e-07	
4.2369510494050223e-07	6.629138159864762e-08	4.208276592929e-07	7.646231229899999e-08	
9.063313586678791e-07	1.133097675992443e-06	8.322069740069999e-07	9.5881446321013e-07	
1.1107701095860224e-06	1.6705309410868952e-07	9.199695918491899e-07	1.70887904135e-07	
1.3989933293340464e-06	4.4333669911477057e-07	9.617976931771e-07	4.4168332911889995e-07	
1.4888539390881631e-06	2.9610939295540535e-07	9.6757213774301e-07	2.9713552535499997e-07	
1.0630830100237087e-06	1.0288266341986513e-06	9.058723767578999e-07	9.309202484291699e-07	
4.634968264859594e-07	1.0031187726941408e-06	4.587562855509999e-07	9.2026665132448e-07	
3.0045301207856547e-07	6.444498598117027e-08	3.0251044126999994e-07	7.485544351599993e-08	
1.0399960178413513e-06	1.329613967829058e-06	8.978100392432e-07	9.78682850816226e-07	
1.298212588817776e-06	4.3533994171422223e-07	9.525994500780999e-07	4.338535162888999e-07	
5.252939776427812e-07	8.989043989800739e-08	5.171040047962e-07	9.763055500900005e-08	
1.0567872184408595e-06	8.517452505944844e-07	9.037561264459e-07	8.2223350823319e-07	
8.084017240274022e-07	7.235080976297245e-07	7.642678906479e-07	7.102630535601e-07	
5.650838454579343e-07	7.704223533643603e-07	5.54204939668e-07	7.528057145047499e-07	
1.2664756944377907e-06	3.9401319205866106e-07	9.4883460130195e-07	3.933325128025e-07	
3.8315615341715845e-07	9.073242413239822e-07	3.8200817371999993e-07	8.6442977184845e-07	
1.3250838535766691e-06	5.048499157452642e-07	9.5541937417176e-07	5.01750054486e-07	
8.516199198123382e-07	9.6883258717763e-07	7.960314506891e-07	9.031554899064599e-07	
7.090700403755912e-07	7.174510580636866e-07	6.833491427709999e-07	7.046817654759e-07	
6.363805184144805e-07	9.956137178843017e-07	6.1938007607e-07	9.168057135957e-07	
2.867875668993239e-07	5.068228030756592e-07	2.893725965309999e-07	5.036722660102999e-07	
2.6604164067337927e-07	1.3781712324210216e-06	2.6945979118999993e-07	9.81074367557434e-07	
1.187720057918788e-07	1.1637353213018108e-06	1.3109243178999996e-07	9.63747067682054e-07	
8.034544612120477e-07	7.554417634477975e-07	7.604772459751999e-07	7.393674740819e-07	
2.2753208387657892e-07	1.0451514008471325e-06	2.3258439707999988e-07	9.36801392625957e-07	
1.375296908899087e-07	8.447336766725389e-07	1.4806359758999994e-07	8.1655508436518e-07	
1.3014954015718282e-06	1.0901115173911606e-06	9.529645281775e-07	9.4980099634718e-07	
5.207803004764704e-07	7.358772278860549e-07	5.12870081259e-07	7.2160580703995e-07	
1.3170757882323347e-06	4.5879847002403754e-07	9.546110296513199e-07	4.568102669783999e-07	
1.868670758516854e-07	7.74409967017479e-07	1.939763294699999e-07	7.5635807063361e-07	
5.564791740611774e-07	1.0099562327219396e-06	5.462204169959999e-07	9.232776686751099e-07	
8.401875035144882e-07	1.1959988349190952e-06	7.878824562027e-07	9.6792412773648e-07	
1.1621032846835761e-07	1.4302396188650369e-06	1.2882048671999995e-07	9.83121508960502e-07	
1.3958721564505728e-08	1.2457863517462254e-06	5.0092775619999955e-08	9.729172193438193e-07	
9.357255741972198e-07	6.422138777525928e-07	8.494956361883e-07	6.341254698011e-07	
9.538186638880703e-07	5.414849842283847e-07	8.593410151700999e-07	5.373458525140999e-07	
6.451461164487927e-08	1.3585583399744953e-06	8.496605463999992e-08	9.801756591920436e-07	
2.0219160300823915e-07	1.3719535429440599e-07	2.0846865331999994e-07	1.4212270873959993e-07	
6.89997554120591e-07	5.320139826416914e-07	6.66869145736e-07	5.281596201556999e-07	
1.6031175168881972e-07	1.2068692670282454e-06	1.6910039029999994e-07	9.69154917470515e-07	
1.0968319895027042e-06	2.399451774350317e-07	9.1617856828958e-07	2.4199745245799997e-07	
8.796668024768402e-07	1.543685318385054e-07	8.151858835284e-07	1.586272695029999e-07	
3.6897333680746616e-07	4.853846209897755e-07	3.6839292067999994e-07	4.827789145629e-07	
1.7541530183956312e-07	4.439226841262195e-08	1.8320246174849997e-07	5.808390410999991e-08	
8.79250128231771e-07	7.730557825239514e-07	8.149127446286999e-07	7.551490758938999e-07	
2.2604080747998823e-07	1.2115914020532764e-06	2.3116656309000005e-07	9.6966015660087e-07	
1.2090895194125431e-06	1.3455533581771054e-06	9.405505794797999e-07	9.79525660767961e-07	
1.01549743675566e-06	1.4540124724877333e-06	8.882639991598e-07	9.83914653180533e-07	
1.2634194067299655e-06	6.414956732327589e-07	9.48445138485e-07	6.334423422625e-07	
5.977456206899009e-07	9.95934467082697e-07	5.84300788094e-07	9.169574151398899e-07	
1.437088460541954e-06	1.2509291495283827e-06	9.644690138624e-07	9.7334307759655e-07	
5.050615610798467e-07	9.55180604300499e-07	4.98087579222e-07	8.9542287266851e-07	
3.216433385780778e-07	1.1483199881659413e-06	3.228966749889999e-07	9.613999739080399e-07	
6.319152265811662e-07	8.82352541569943e-07	6.15357787686e-07	8.4616894744483e-07	
1.4439334884347788e-08	5.912890339273917e-07	5.0341790229999986e-08	5.8543978323315e-07	
9.699505440480301e-07	1.3920297102572737e-06	8.676064148806e-07	9.816589823872759e-07	
7.557895033456232e-07	1.155466937703389e-06	7.225666034319999e-07	9.6251263678083e-07	
2.2356932747459548e-07	5.812154636928835e-08	2.287999425307999e-07	6.942285903499997e-08	
3.2567379666311195e-07	3.0696253394418436e-07	3.26768547216e-07	3.0780235473729994e-07	
1.0127545442350999e-07	8.993786835084395e-07	1.1561314701999998e-07	8.58761391061488e-07	
3.4793945517474466e-07	9.973543993550153e-07	3.4818304006199995e-07	9.1762679531284e-07	
9.779883362831007e-07	6.557772225286983e-07	8.71524691144e-07	6.469850766658e-07	
1.099486591756072e-06	2.506489507001597e-08	9.1692013720067e-07	4.360195845599998e-08	
4.96390887970581e-07	4.6097149762487244e-08	4.899086995656e-07	5.945205955199991e-08	
6.236219657807771e-07	1.4823598327954882e-06	6.07870943124e-07	9.84778545586585e-07	
9.605181389259786e-07	1.2935958113417023e-06	8.628376972981e-07	9.76513100253512e-07	
9.485182802934331e-07	3.107922093407717e-08	8.565190740173899e-07	4.788070351599996e-08	
1.242212738862778e-06	6.015033129466011e-07	9.455875190658e-07	5.952479980598e-07	
6.90176731568541e-07	2.4600114758294323e-08	6.6702443002248e-07	4.3281376353999914e-08	
7.139614648423764e-07	1.4759557224693787e-06	6.87542351128e-07	9.84591254946106e-07	
4.4863118552694457e-07	5.890145700059514e-07	4.44615541565e-07	5.832520507406999e-07	
2.998540196400661e-07	5.63816279637459e-07	3.0193461721499996e-07	5.589593880546e-07	
3.2231553831130097e-07	9.807483296351844e-07	3.2354034560999997e-07	9.094886148693999e-07	
6.447826243094175e-07	3.916785329070965e-07	6.269203465291999e-07	3.910413414129999e-07	
8.510825110985882e-08	4.170428002654059e-07	1.0175231896e-07	4.1592473284091e-07	
1.2395910649992837e-06	9.921367404084129e-07	9.452174782328e-07	9.1514166883816e-07	
1.4894366440229093e-06	1.1886568957998611e-07	9.6760384647836e-07	1.2467151042099998e-07	
5.187530820351534e-07	1.0370637919559921e-06	5.10968106435e-07	9.3397324302846e-07	
4.412623337065376e-07	2.4620075742655733e-08	4.375944198241e-07	4.329555819600009e-08	
6.131386692666715e-07	6.316794387836547e-07	5.983498436739999e-07	6.241042307028999e-07	
7.102043457989388e-07	1.2249258922490245e-06	6.84325249749e-07	9.710057104014179e-07	
9.320569601396891e-07	8.959132375356136e-07	8.474257008128e-07	8.562367331711199e-07	
1.19424921812341e-06	1.3554403457689377e-06	9.380290303077e-07	9.800178710185609e-07	
1.0379935663122216e-06	6.42092386362278e-07	8.970598643891999e-07	6.340097568032e-07	
8.921716363095908e-07	4.6309038527330484e-07	8.233180796276e-07	4.6100654791589995e-07	
7.375959557039415e-07	1.4154783829941113e-06	7.07512084703e-07	9.82581964109105e-07	
4.428524430328259e-07	4.3053106629970327e-07	4.39110225472e-07	4.291437255775e-07	
1.4474535008438703e-06	1.4850935001322116e-06	9.651379447717e-07	9.84853153030293e-07	
1.0993616717922464e-06	1.442870305439292e-06	9.168983012906e-07	9.83549202798315e-07	
3.2685068399782105e-07	1.0088794644641563e-06	3.279029782079999e-07	9.228157371122199e-07	
1.3836932037698473e-06	1.184726962345211e-06	9.60623911684e-07	9.665578043920899e-07	
1.0170538162778719e-07	1.1417178766854424e-06	1.1599892298999997e-07	9.60317947746755e-07	
5.855110832314161e-07	2.0627550340957763e-07	5.730685957323e-07	2.090503815379999e-07	
9.754691130892026e-07	1.1272724957378682e-06	8.703114378444e-07	9.5775105196868e-07	
5.793867372707751e-07	9.169830078259185e-07	5.674284501499999e-07	8.7113346056445e-07	
1.1364775014626848e-06	4.60654763573387e-07	9.263229718588e-07	4.5862538651519997e-07	
3.6377939382252623e-07	1.468543013706149e-06	3.6341461834300003e-07	9.84371847289202e-07	
2.1714033026967563e-08	8.795861415453799e-09	5.46487343169999e-08	3.332455503679997e-08	
1.811462684890085e-07	4.677201241428951e-07	1.8858701756399996e-07	4.6553199825289985e-07	
9.347739403797476e-07	7.581636448198495e-07	8.489613726343999e-07	7.418193612250999e-07	
4.409099557725393e-07	1.425288065581492e-06	4.37266504945e-07	9.829436164352699e-07	
4.024845139651299e-07	1.4450851238143172e-06	4.0054493461399996e-07	9.83627386867631e-07	
1.4285624818313494e-06	2.4534374669217524e-07	9.6389767999824e-07	2.472902224259999e-07	
3.150092922470658e-07	1.1102015559883888e-07	3.1651048020239997e-07	1.1727058068599994e-07	
1.368657109266922e-06	1.1983346100419144e-06	9.593994573011e-07	9.6819018519787e-07	
1.4384330779017651e-06	9.383960689069197e-07	9.645537846468e-07	8.8520094125662e-07	
7.372948350225012e-07	8.218340417509616e-07	7.07254131198e-07	7.9752521565433e-07	
5.956520163639716e-07	8.131471009039307e-07	5.82381965707e-07	7.901478273355699e-07	
4.417623953063969e-07	7.304533130946177e-07	4.3807162437399995e-07	7.1664291861691e-07	
1.3478571050249229e-06	9.759026487340192e-07	9.575834398943e-07	9.0695160386331e-07	
1.1203896806511584e-06	3.338670991352626e-07	9.224407689771e-07	3.3424763723109994e-07	
8.085134195474297e-07	1.2927097949285322e-06	7.643589252534e-07	9.76455721343491e-07	
1.9534799058521824e-07	9.643212286313743e-07	2.0198948533999999e-07	9.0066614952995e-07	
3.6933223829333503e-07	1.3198620027675369e-06	3.6874497987999996e-07	9.78139076127774e-07	
3.7716218879019293e-07	3.0669653562264973e-07	3.762550495779999e-07	3.0754090198009986e-07	
1.3453635253024367e-06	9.483512247174792e-07	9.573558514159999e-07	8.913488451968499e-07	
1.3198082949098418e-06	1.4378874944260008e-06	9.548980195598999e-07	9.833798824218299e-07	
1.154031478153932e-06	9.491634142122619e-07	9.302290333782e-07	8.918402470169799e-07	
1.2813858565003488e-06	3.556984879069795e-07	9.506665502130499e-07	3.557032914258e-07	
8.673024818347299e-07	3.130113627439243e-07	8.068931568367e-07	3.1374767113759996e-07	
5.87157160352555e-07	4.5272742415821096e-07	5.745829192049999e-07	4.508733712674e-07	
9.817639769155323e-07	1.4365708782248089e-06	8.733386381333e-07	9.83336173049748e-07	
1.3269345899932092e-06	1.3563247073949223e-06	9.556093425461e-07	9.8006024087036e-07	
7.481404817355886e-08	4.264948281618186e-07	9.320881549e-08	4.2518934077255e-07	
1.1327815352081696e-06	4.11635716573261e-09	9.25456731972225e-07	3.0755111979999854e-08	
5.57023415685326e-09	1.1149157466847072e-06	4.550836144999978e-08	9.55352828998909e-07	
1.347204602651901e-06	1.1115480619904609e-06	9.575255428545e-07	9.5464616863718e-07	
9.596754704601679e-08	1.49469021707604e-06	1.1104918448e-07	9.85128679212029e-07	
8.280004257553934e-07	5.333709478416272e-07	7.789833135475e-07	5.294762748640999e-07	
6.271984641960884e-07	1.4406814145521187e-06	6.111055735909999e-07	9.83478395177696e-07	
6.283651542873356e-07	7.587564169284823e-07	6.12153477291e-07	7.423547001924699e-07	
5.922478405354171e-07	3.9382627261064215e-07	5.792592754403999e-07	3.9314947998959993e-07	
5.824492317503965e-07	3.107177902718959e-07	5.702498399494e-07	3.1149330791980004e-07	
1.119613674544315e-06	1.2637525492520643e-06	9.222540539847e-07	9.7437634861035e-07	
1.1291956725924349e-06	3.234005594888271e-07	9.246030544383199e-07	3.2395969396289996e-07	
4.859265062334408e-07	9.66907266280137e-08	4.800193356033e-07	1.0389695522500005e-07	
2.4893313709745292e-08	8.873552043802458e-07	5.660280308999992e-08	8.49930495298572e-07	
1.1371702938690925e-06	6.444236171526266e-07	9.26484196505e-07	6.362235512232999e-07	
7.841831563417315e-07	1.4782342900727914e-07	7.454376315450999e-07	1.5232255177099995e-07	
1.435565834856028e-06	1.391039192060215e-06	9.643708025341e-07	9.81616011519291e-07	
1.1274138295872889e-06	7.526789233222043e-07	9.241748542103e-07	7.368714450148999e-07	
7.125641669754796e-07	1.2130234302605272e-06	6.86344765046e-07	9.698051699620499e-07	
9.734062189705314e-07	1.025027557145354e-06	8.693033474960999e-07	9.2945778901229e-07	
3.4091511592788497e-07	8.328542228476399e-07	3.414278633609999e-07	8.067657615724199e-07	
4.1841111250251443e-07	1.3876514710132265e-06	4.1578493578e-07	9.81480526314024e-07	
3.997251945472073e-07	1.3817863562545714e-06	3.97900693644e-07	9.81230706424007e-07	
2.1913085802412246e-07	7.141637412882174e-07	2.24570159322e-07	7.0164755512402e-07	
2.0535271260445977e-07	2.5197789988638526e-07	2.11467536858e-07	2.5379700784889997e-07	
5.965229167394716e-07	1.4640772038551449e-06	5.831863224279999e-07	9.84233715611696e-07	
2.1885455137113452e-07	7.662061713543425e-07	2.243072171749999e-07	7.490420646820399e-07	
6.69095796828223e-07	7.168260367466409e-07	6.48544564644e-07	7.041049719693999e-07	
4.512965222747663e-07	1.000376882567584e-06	4.4715462210099996e-07	9.190219714873699e-07	
9.041998774567458e-07	5.216352944389966e-07	8.308872585318e-07	5.180791370049e-07	
9.18068825647526e-07	1.4152345134268592e-06	8.393070907790999e-07	9.82571643008398e-07	
1.242969371590345e-06	5.147113007911244e-07	9.4569383489677e-07	5.113469756215e-07	
1.0443378506879114e-06	6.461183579082629e-07	8.993854689224999e-07	6.378323601658e-07	
1.3019751982011888e-06	3.165464121937012e-07	9.530129093410499e-07	3.1722233683519993e-07	
1.0560638989788042e-06	6.858953276306708e-07	9.035081564318e-07	6.753374960105e-07	
1.2719995930659065e-06	9.376871097789058e-08	9.4952624257465e-07	1.0119744044600002e-07	
8.392832809384152e-07	8.216660042891346e-07	7.872255021588999e-07	7.973824060409499e-07	
5.464404473707029e-07	1.4627236582444864e-06	5.36882351392e-07	9.84192195949139e-07	
7.176599719171756e-07	8.221040397094945e-07	6.90688843321e-07	7.977534177449999e-07	
7.193618756852173e-07	5.702404632198073e-07	6.921358860481999e-07	5.65161849858e-07	
3.2090548481407305e-07	1.3374289744619565e-06	3.221913329149999e-07	9.79110286770024e-07	
3.541111163282562e-08	8.846608854426986e-07	6.346964374999992e-08	8.47913194645623e-07	
9.558657213985736e-07	7.681280053785927e-07	8.604170056089e-07	7.507552658378999e-07	
9.952093156480965e-07	5.182225541783708e-08	8.795274715444299e-07	6.413397396699996e-08	
6.429554032716348e-07	9.895760249977844e-07	6.252847269349999e-07	9.139076623281e-07	
4.090413069699591e-07	5.513354177668104e-07	4.0681391867700003e-07	5.468890416378999e-07	
9.652729175656852e-07	2.843379512128067e-07	8.652522559693999e-07	2.85568983456e-07	
1.0086547282386821e-07	1.1413622092929224e-06	1.1526695449999991e-07	9.60258117757448e-07	
1.0243963265495843e-06	5.846193603558722e-07	8.918425725938e-07	5.790211954819999e-07	
1.2903669063165101e-06	1.189230496414638e-06	9.517204211099e-07	9.6711460480264e-07	
1.443390762799943e-06	2.0847452067293183e-07	9.6487165509301e-07	2.1119830799000002e-07	
7.522225397984378e-07	4.104640773354834e-08	7.196329300506499e-07	5.543544199199994e-08	
9.908394403796645e-07	6.391190848807453e-07	8.775512147899999e-07	6.311839591768e-07	
1.4867683092442636e-06	1.1293873044692e-06	9.674603356277e-07	9.581380301506699e-07	
8.240088186503354e-07	6.479247355381136e-07	7.760268023127e-07	6.395466945673e-07	
1.324159177277384e-06	7.822932861252098e-07	9.55328364401e-07	7.633331609043e-07	
1.0668383618420037e-06	1.2264397221271391e-06	9.071073779321999e-07	9.7114892734407e-07	
1.0137294918061933e-06	1.3934726772839582e-06	8.875324971135e-07	9.81718142238192e-07	
1.0440273285263935e-07	1.3261600239105098e-06	1.1836971981999995e-07	9.7849840877736e-07	
1.360216589480991e-06	6.253043689240251e-07	9.5867686372059e-07	6.180238217589999e-07	
1.107170746178967e-06	1.54213004141476e-07	9.190149847663099e-07	1.5847730856699994e-07	
9.275552733436139e-07	2.879930854530416e-07	8.448467280204999e-07	2.891601246626e-07	
1.3276852724462076e-06	1.3855447628544765e-06	9.556836326037e-07	9.81385791488215e-07	
9.74564737647654e-07	8.325282672871568e-07	8.698675093077999e-07	8.0648870197077e-07	
3.7908044850701027e-07	1.3863446913230332e-07	3.780960358676e-07	1.4350073981799996e-07	
1.3817140833152663e-07	8.075408582945271e-07	1.4865014614999995e-07	7.853469809032399e-07	
8.89214505975744e-09	5.556689772129923e-07	4.726228130000004e-08	5.5108288189066e-07	
2.1455013258845142e-07	1.2124052292662966e-06	2.202183874e-07	9.69745916771245e-07	
1.3091167545745677e-06	5.134206464741308e-07	9.537814699421299e-07	5.100914698439999e-07	
7.0441181939461e-07	6.38796753175367e-07	6.793467358717e-07	6.308784132894999e-07	
1.4236843120866981e-06	1.3123360923927632e-06	9.635721502857999e-07	9.7768917967472e-07	
3.0744937216381275e-07	8.656886640600862e-07	3.0924007548299993e-07	8.333339709364899e-07	
6.971490203026759e-08	1.2242172276996731e-06	8.909568945999993e-08	9.7094240874637e-07	
2.730621051874508e-07	1.6744536693793356e-07	2.7618624706299996e-07	1.7126767209619996e-07	
1.2689437959495805e-06	9.38577270438107e-07	9.491484363920999e-07	8.853163422581499e-07	
1.0970852462957499e-07	6.379241217679598e-07	1.2301396603999994e-07	6.300503660496599e-07	
3.9214179069650397e-07	3.535722376557865e-07	3.9062491424699997e-07	3.5361436453019996e-07	
1.858291947078386e-07	1.1633944036416464e-06	1.9300646077e-07	9.636974765829759e-07	
5.872272046332559e-07	5.292865768722501e-07	5.74647440647e-07	5.255121562609e-07	
7.630400908428117e-07	1.4908734594349135e-06	7.28488811195e-07	9.85019154796307e-07	
1.343079627493577e-06	3.547865364286796e-07	9.571433485428499e-07	3.5480718273869995e-07	
2.747495747224965e-07	8.757591815181712e-07	2.7780802318599996e-07	8.411512753456099e-07	
1.1762752949396478e-06	2.4199198185257847e-07	9.347201448046899e-07	2.440038401359999e-07	
2.2814673594787611e-07	7.585387835419101e-07	2.3316750095599992e-07	7.421615619311999e-07	
5.107138458496181e-07	1.4435686777627432e-06	5.03415858925e-07	9.83576156051007e-07	
8.899178432270868e-07	3.7956231160949654e-07	8.218718338856999e-07	3.7914566794759996e-07	
9.810010139446727e-07	7.878962007012004e-07	8.729662379714e-07	7.682667763303e-07	
1.3124093157015283e-06	7.451629963840018e-07	9.541288063275e-07	7.300611343281e-07	
1.1293426839316467e-06	6.249893882279952e-07	9.246396269510999e-07	6.177236312791e-07	
9.533087017524265e-07	5.052430981342962e-07	8.590718332396e-07	5.021331999736999e-07	
5.165452151953611e-07	1.0155705833286816e-06	5.08893808315e-07	9.256551507968399e-07	
1.2410668392174812e-06	1.8158882372286307e-07	9.454239154094099e-07	1.8499344429099993e-07	
1.0745153600372913e-06	7.995410434417197e-07	9.095515993202e-07	7.78430078412e-07	
1.4596509876915418e-06	1.885243825788452e-07	9.658845580624499e-07	1.917408883339999e-07	
3.4006641664329614e-07	1.09496055616219e-06	3.4061454153400005e-07	9.50977061749121e-07	
1.0129658967323351e-07	1.0878573741523873e-06	1.1563911353999992e-07	9.492604970943279e-07	
9.055367011482148e-07	1.4115008197880331e-06	8.317229563063999e-07	9.82430863014549e-07	
1.3175009390217228e-06	8.588902048076775e-08	9.5465359554019e-07	9.397307865399989e-08	
5.431405833837271e-07	1.1074741633860131e-07	5.337973690992e-07	1.1701420796499994e-07	
1.1544356273170394e-06	1.4439823785039904e-06	9.303231914105e-07	9.83586142709691e-07	
7.246488614877687e-07	5.411076731755061e-07	6.966190427927e-07	5.369805178555999e-07	
1.4029963648739884e-06	1.0045586288675052e-06	9.620975025045999e-07	9.208997111917899e-07	
1.1599416153322897e-06	1.3417654620320306e-06	9.314766066722e-07	9.793311807682e-07	
1.2890820706776383e-06	1.25344150551929e-06	9.515737795386999e-07	9.7355188786043e-07	
1.5948053214133178e-07	1.373628173365703e-06	1.6833581789000002e-07	9.808736784573519e-07	
5.676029589525418e-07	1.3024670634811975e-07	5.565377504459e-07	1.3548373193e-07	
1.7462514785114658e-07	9.819755058100863e-07	1.8246460472999997e-07	9.101189715306629e-07	
3.6465235307326606e-07	1.3479941351453977e-06	3.6425066534500004e-07	9.79655366445804e-07	
4.278116924256542e-07	3.497728564570989e-07	4.2476026606899995e-07	3.4988072920439996e-07	
7.712739096503802e-07	9.330839165057761e-07	7.35139871345e-07	8.818215537210799e-07	
1.4864492097033115e-06	8.554611184026563e-07	9.674407000524499e-07	8.252162037755399e-07	
1.1343158343972872e-06	5.751530185246745e-08	9.258175621142399e-07	6.890822668599999e-08	
6.220983461820136e-07	3.1410248574340085e-07	6.064836386018999e-07	3.1482017998340003e-07	
6.903706266461596e-07	6.979691938017348e-07	6.67194191117e-07	6.866148569518999e-07	
3.18006973624952e-07	7.452964424568331e-07	3.1939446394599995e-07	7.3018754454205e-07	
3.134071884831236e-07	5.776404678686438e-07	3.1496967124299993e-07	5.723002893949e-07	
1.0296669706483621e-06	6.161569207617548e-07	8.93903165809e-07	6.092856307903999e-07	
6.904506005027102e-07	4.554782226471358e-07	6.672632676743e-07	4.5356392239769995e-07	
1.2286665960261824e-06	4.1101229515596475e-08	9.4361409926014e-07	5.547855811099994e-08	
7.986193454836632e-07	6.067211241649597e-07	7.567436752178999e-07	6.002524632881999e-07	
1.0791315979444074e-06	5.862658068966039e-07	9.109809162596e-07	5.806058909707999e-07	
2.6774385410658564e-07	1.2450070057049676e-06	2.7108933396000003e-07	9.7285034644489e-07	
7.71917665489546e-07	8.307756411341972e-07	7.356569634028e-07	8.0503051630879e-07	
1.1182285268637067e-06	8.104532843884494e-07	9.218979638527999e-07	7.87839383406e-07	
5.346412865458271e-07	1.4417788721862404e-06	5.258646290679999e-07	9.835160258596349e-07	
7.46562377510977e-07	1.1531122505406027e-06	7.149660580589999e-07	9.6215035678841e-07	
3.699346722711474e-07	9.140224106682514e-07	3.69317196268e-07	8.6910327386288e-07	
6.762598780160206e-07	1.1557908677647888e-06	6.548575575039999e-07	9.6256306803557e-07	
9.85972503143647e-07	5.834121769819188e-07	8.753052334107e-07	5.778590996955e-07	
9.774487295244248e-07	6.749653437144121e-07	8.71264981769e-07	6.650834939419999e-07	
2.568954111989162e-07	2.4784723208325422e-08	2.606737014232e-07	4.340960133699997e-08	
5.769870337121894e-07	1.1584650620266247e-06	5.6521670195e-07	9.629679697884999e-07	
1.1413655019533448e-06	1.164562262901749e-06	9.274492758222999e-07	9.6385467366623e-07	
1.0919200464079482e-06	1.0813221332898283e-06	9.147857041507e-07	9.475841362350799e-07	
1.8114355928823762e-07	1.7542018740424826e-07	1.8858430713299997e-07	1.790007935702999e-07	
9.845651591039256e-07	7.700602239482016e-07	8.746484507773e-07	7.524799648749e-07	
1.3917341273694488e-06	1.2020127159603403e-06	9.612514335429e-07	9.6860726537015e-07	
1.3311424752734333e-06	3.980462710582003e-07	9.5601344079348e-07	3.972905189838999e-07	
7.0913837454236e-07	8.318138662904915e-07	6.834080912779999e-07	8.0589642267761e-07	
6.725310750375389e-07	1.2496974704632165e-06	6.515780150149999e-07	9.73245511585971e-07	
4.182731351082459e-07	1.2079939230692047e-06	4.156498891119999e-07	9.69274173809192e-07	
1.1747429255609058e-06	1.4600066419036944e-06	9.344372263659e-07	9.84103982912288e-07	
1.0174131666630636e-06	1.4690659424741072e-06	8.890492021360999e-07	9.843836333767049e-07	
3.585250836271925e-08	4.49062778597276e-07	6.377075717999994e-08	4.4728846295250995e-07	
9.09200164414695e-07	2.0605409195920577e-07	8.3395776534e-07	2.0883421629999995e-07	
1.2251439636434721e-06	5.888941100784639e-08	9.430812462990499e-07	7.007652444100002e-08	
8.638089442492951e-07	1.3943771993356295e-06	8.045155275001999e-07	9.81756082978497e-07	
5.736089348107816e-07	1.1860182740526174e-06	5.620972618499999e-07	9.66726410911035e-07	
9.79827092839207e-07	1.2127821372151952e-06	8.724124407191999e-07	9.6977718723082e-07	
5.150077347955632e-07	1.1121423549416948e-06	5.07449800004e-07	9.5477948870822e-07	
1.451759229878643e-06	4.274638064012142e-07	9.6540044053171e-07	4.261377895498e-07	
1.0073412279691336e-06	1.1114566166433379e-06	8.848410976713999e-07	9.546298902492e-07	
1.0577783440893061e-06	9.133368639306151e-07	9.040936816130999e-07	8.686207357766899e-07	
1.1713640451704699e-06	1.0191554439721172e-06	9.337727570565e-07	9.2711831552622e-07	
1.4864679606121368e-09	1.3300244897789804e-06	4.3451598139999996e-08	9.78711069555053e-07	
5.100956075338803e-07	3.77154867694368e-07	5.028267938889999e-07	3.767817092855999e-07	
1.4021108052923998e-06	1.1562326225872427e-06	9.620336069623999e-07	9.6262350245883e-07	
1.3517927282600423e-06	1.125546334534122e-06	9.579393838537e-07	9.5742444999546e-07	
5.548288425312515e-07	4.094559873795685e-07	5.44684694489e-07	4.0848462947810004e-07	
1.0248106007783359e-07	4.049989529960996e-07	1.1666269832400004e-07	4.041130191506e-07	
2.6481734788361214e-07	4.6628596832981066e-07	2.682722025469999e-07	4.6413055445669995e-07	
6.859658493750581e-08	1.4790885523272975e-06	8.822207852999995e-08	9.846865093549872e-07	
1.0615002512659456e-06	8.717607370241371e-07	9.053449862584e-07	8.380596178373899e-07	
1.1992700267802158e-06	1.4040921188539249e-06	9.389026530043999e-07	9.82143331983959e-07	
1.2500242468402583e-06	6.676162135715999e-07	9.466715899234999e-07	6.581648691042999e-07	
5.594474616357226e-07	6.655972464413807e-07	5.4897635452e-07	6.562635649147e-07	
5.902722143349122e-07	8.125141850592701e-07	5.774462294519999e-07	7.896071277159899e-07	
1.7154249462173156e-07	5.62216953681598e-07	1.795722582959999e-07	5.574142329935899e-07	
6.977037716456544e-07	1.2733817475831518e-06	6.73561869892e-07	9.75107091922962e-07	
6.572117541214375e-07	5.13892744983884e-07	6.380134621232999e-07	5.10551512689e-07	
1.3456427384089466e-06	1.4147503529164321e-06	9.573870483512999e-07	9.82551612016692e-07	
9.544162959744445e-07	2.80894781806178e-08	8.5965397581735e-07	4.5724877016e-08	
1.2128207164386826e-06	1.4175738893857395e-06	9.411589510207e-07	9.82657392200168e-07	
5.888164229087567e-08	1.0475567076702766e-06	8.054438206999993e-08	9.37610957479877e-07	
1.3087727733396893e-06	1.339330391038227e-07	9.5374389816241e-07	1.390028262679999e-07	
1.4585835763468236e-06	1.1529170074736671e-06	9.658238397372e-07	9.6211381214033e-07	
7.034847502664152e-07	9.436709669234167e-07	6.78549537273e-07	8.8849835999775e-07	
9.04867077006508e-07	7.508882306452851e-07	8.31300616845e-07	7.352531594094e-07	
9.77707197602979e-08	1.3597065281664914e-06	1.1259630470999999e-07	9.80230688932563e-07	
4.7274414564051423e-07	1.0202510758994817e-06	4.6753408049799993e-07	9.275715528471899e-07	
1.1820512017466597e-06	1.2213064844645413e-06	9.358184244066999e-07	9.706457467094e-07	
7.693357833362113e-09	4.3674317285925515e-07	4.6622418609999896e-08	4.352286715480099e-07	
3.0083317675514767e-07	8.060441679658472e-07	3.0287675929e-07	7.840579608007699e-07	
1.1175751987744176e-07	1.3980825278217656e-06	1.2485783105000003e-07	9.819114289188849e-07	
1.099105494815021e-06	4.3365848109062615e-07	9.168154229941999e-07	4.3220673440139996e-07	
2.6487364442070784e-08	1.1473844313713392e-06	5.762478117000003e-08	9.61250228907189e-07	
2.8132661645393186e-08	1.447210307328671e-06	5.870980851999995e-08	9.836986095423566e-07	
3.8193398030325025e-07	7.186588962483518e-07	3.8083488577999997e-07	7.0579802540981e-07	
3.7086877078789467e-07	4.1579476366731904e-07	3.7021301636200003e-07	4.147008545051e-07	
5.597209759591783e-07	4.5801039637027184e-07	5.49229988231e-07	4.560403922484e-07	
8.57373611482947e-07	1.8004550072225428e-07	8.0005785149e-07	1.834932281119999e-07	
8.935562787716123e-07	2.9146340776410717e-07	8.242015979040999e-07	2.925700640775e-07	
9.571807619947806e-07	3.450056968074941e-07	8.611014196719e-07	3.4519543291229995e-07	
6.94067148603374e-07	7.876733156481264e-08	6.704050606523e-07	8.752451753499999e-08	
1.4925795101680267e-06	1.410322081552785e-06	9.677825340719e-07	9.823834618511e-07	
7.068427875211445e-07	1.0203657820903377e-06	6.81438896039e-07	9.276137750200499e-07	
9.410122126009625e-07	4.300582393583765e-07	8.524354596776999e-07	4.286800664609e-07	
5.507822925774329e-07	1.2090648053412631e-06	5.40923636629e-07	9.69387811975002e-07	
1.0205749230159278e-06	2.4784618394113112e-08	8.9031618267506e-07	4.340828929000013e-08	
1.0332449013105626e-06	1.014638576032574e-06	8.952772495240999e-07	9.252586160341499e-07	
1.209969211006477e-07	2.4210929341938305e-08	1.3307479295589995e-07	4.301530890399983e-08	
1.5088101110793661e-07	4.0479994493361076e-07	1.6034005450299993e-07	4.03917788801e-07	
5.171146479491077e-07	9.115750392096689e-08	5.094268919597e-07	9.879361717399988e-08	
1.403942112278448e-06	1.4681725914736763e-06	9.621725546504e-07	9.84355152819515e-07	
4.7113486162225556e-07	1.5300537053600388e-07	4.6600561637369993e-07	1.57312727353e-07	
1.4337319098642848e-06	1.4901242710856124e-06	9.642510217146e-07	9.849954031030789e-07	
4.910636793957848e-07	1.1855936712211564e-06	4.84880775604e-07	9.66674602146423e-07	
1.1504620016109299e-06	1.0225962825070225e-06	9.294628118087999e-07	9.2849928638539e-07	
5.397368702605273e-07	5.436558497975013e-07	5.306203551359999e-07	5.394506871818999e-07	
7.507972465052997e-07	3.1921770936490235e-07	7.18459694135e-07	3.19848182431e-07	
1.3425092275014636e-06	9.07425684453944e-07	9.570925744858e-07	8.6449072954573e-07	
8.148896718738222e-07	4.97782463652951e-08	7.6919193930905e-07	6.244767724499991e-08	
6.795009510495961e-07	5.91161556908821e-07	6.576994136913e-07	5.853160811178e-07	
1.0274273451930897e-06	1.1915925422069365e-06	8.930397247804e-07	9.6740169586713e-07	
1.1073440416451934e-06	4.62242684161776e-07	9.1906250875e-07	4.6017769370899996e-07	
1.7684522513350847e-07	6.550303164991069e-07	1.8454485841099995e-07	6.462811525313699e-07	
1.2759486564734502e-06	8.444179457891465e-07	9.500138709044999e-07	8.162874995908e-07	
8.52133036297153e-08	8.57620201293906e-07	1.0184190648999998e-07	8.2695268998125e-07	
1.3571010526750464e-06	2.6465180635994397e-07	9.5840467257288e-07	2.662349597359999e-07	
5.570636781549054e-07	4.6886644962675925e-07	5.46762047625e-07	4.6665160643679987e-07	
2.684523317299079e-07	9.355998384103914e-07	2.717624385469999e-07	8.834416831499699e-07	
2.746746757768171e-07	1.646610907962604e-07	2.7773488094499994e-07	1.6857185639259992e-07	
7.321263351090388e-07	6.240738429072333e-07	7.029227558923e-07	6.168507949130999e-07	
9.748786372335478e-08	5.207711156261581e-07	1.1232197295000002e-07	5.1724055072612e-07	
7.771897604617249e-07	6.706191076513297e-07	7.398805475545999e-07	6.609951217612e-07	
8.784195701076116e-07	4.760463666708348e-07	8.143616503455e-07	4.7366387499830005e-07	
5.556069931940572e-07	5.89947182287576e-07	5.454084237629999e-07	5.841487175951999e-07	
1.978381926303527e-07	3.8190844616862624e-07	2.0434359290399988e-07	3.8144994429059993e-07	
1.2178463876964341e-06	5.393251057367102e-07	9.419512831691e-07	5.352515159282e-07	
1.1522276294349401e-06	1.2425841017401327e-06	9.298474723517999e-07	9.726313877126e-07	
9.666195558820411e-08	9.967119765907002e-07	1.1161327847999992e-07	9.17329325271383e-07	
1.3511733395888072e-06	7.332253061211303e-07	9.578811275836e-07	7.19177224354e-07	
1.4869607343418694e-07	5.023601124419222e-07	1.5832170941699994e-07	4.993269253940999e-07	
1.3601545749941919e-06	3.145994449493246e-07	9.5867059597041e-07	3.153085225189999e-07	
3.695266742508907e-08	1.2762891302786824e-06	6.454999682999993e-08	9.753237292318738e-07	
8.088032587595329e-07	1.196982320022681e-07	7.6457257489e-07	1.2545919709800003e-07	
1.0107939802519024e-06	4.307616967172356e-09	8.8629528717257e-07	3.0856434659999954e-08	
2.6116078683018962e-08	2.928040935487356e-07	5.7378280109999996e-08	2.9388773519239997e-07	
2.4330889676364933e-08	1.6432334299900498e-07	5.6259167821999945e-08	1.682452692718e-07	
2.0824675752593664e-07	8.186376603073548e-07	2.1421656489899995e-07	7.9482447401178e-07	
1.1987337810756486e-06	1.2785676004645503e-07	9.387998618720899e-07	1.33206631671e-07	
1.1701450290436177e-06	4.82850897213867e-07	9.335297792375999e-07	4.803057256688999e-07	
1.3244472291580293e-06	6.937919162705617e-07	9.553567066759e-07	6.827178915034e-07	
9.375792214762508e-07	1.3774155890209734e-07	8.5053071880988e-07	1.4264569946799988e-07	
8.468349319169564e-07	4.422755172442289e-07	7.926400267057999e-07	4.406449274364999e-07	
1.0869734037715758e-06	1.1149059447107196e-06	9.133439464707e-07	9.5534061994796e-07	
1.1946289028787823e-06	5.408553736951815e-07	9.380874252724999e-07	5.36735219776e-07	
6.73361345629871e-07	8.484136538256724e-07	6.5230558573e-07	8.1954343252605e-07	
6.123406571519211e-07	5.909803940813478e-07	5.976236244869999e-07	5.851421009575999e-07	
1.5524555144169983e-07	5.932340944907331e-07	1.6438163851999994e-07	5.8730974571455e-07	
1.3574595305267684e-06	4.007584358900339e-07	9.5843640382214e-07	3.999518247992999e-07	
4.490146708660567e-07	4.2478826290848114e-07	4.449805899179999e-07	4.2351671543829997e-07	
1.181728908213261e-07	3.957973716682753e-07	1.3054278443999988e-07	3.9508430606540997e-07	
3.0574861407421835e-07	2.727450455489988e-07	3.07603302224e-07	2.7418171740899994e-07	
1.06771650528115e-06	1.3334816098184152e-06	9.073943364576e-07	9.78893390811954e-07	
1.411380319456289e-06	4.3134234010566764e-07	9.6270457605174e-07	4.299378006240999e-07	
7.787653674880194e-07	1.2194663407704845e-06	7.411418024949999e-07	9.7046515940531e-07	
4.4464198694443506e-07	1.4213373144431315e-06	4.408232642399999e-07	9.82800546375609e-07	
1.2688338521989306e-06	1.274180734249648e-06	9.491388907587e-07	9.751615386472099e-07	
8.653497512364204e-07	8.458143405737175e-07	8.055631611423e-07	8.174290154907299e-07	
3.775076714249237e-08	1.1041465425196678e-06	6.508082978999993e-08	9.530724484928039e-07	
3.0931395531774197e-07	5.171117948800227e-07	3.11032517013e-07	5.136828616383999e-07	
1.0011296110660175e-06	7.596867315000542e-07	8.821540784965e-07	7.431892568336999e-07	
7.444287858661817e-07	1.4893637280537936e-07	7.131933002383999e-07	1.5339345133799997e-07	
4.599036586367807e-07	1.3660780079879588e-06	4.553468032609999e-07	9.80527835751649e-07	
1.243823239431091e-07	4.260132123307767e-07	1.3612087720599998e-07	4.2471741334887995e-07	
1.0058756848717696e-06	1.448663452899306e-06	8.842212828341e-07	9.83741423137208e-07	
1.3741040003643023e-07	6.406322533785462e-07	1.4795341079999994e-07	6.326251596185e-07	
1.4133377738301218e-07	7.763709533097323e-07	1.5154716631000002e-07	7.5809967727155e-07	
7.398033602588137e-07	1.174120985229096e-06	7.0935111954e-07	9.6518626798147e-07	
1.481466827565777e-07	7.195503975379931e-07	1.5781519772e-07	7.066212692044e-07	
6.816393330182646e-08	1.0557805999179437e-06	8.783861653999995e-08	9.40273917376621e-07	
7.619680846383862e-07	3.2786501591260956e-07	7.276079019536e-07	3.283481009569e-07	
8.597766719078237e-07	2.1409021918232763e-07	8.017262264527e-07	2.1668593892399997e-07	
5.614796650801338e-07	7.728662812819395e-07	5.508628072489999e-07	7.549827160113399e-07	
2.4099702087302166e-08	7.049097812101578e-07	5.6106798359999983e-08	6.930724883135899e-07	
9.693614960830375e-07	8.673120422489837e-07	8.673049865142e-07	8.3459831927045e-07	
7.510273028135164e-07	7.909905983344314e-07	7.186505227251999e-07	7.709808997234e-07	
4.230654959586173e-07	5.056788357732983e-07	4.2022625549399996e-07	5.025583045758999e-07	
1.2582872382652053e-06	4.434350961266577e-07	9.4777717115913e-07	4.4177973764119995e-07	
1.29688065991405e-06	9.50933946567206e-07	9.524536356473999e-07	8.9290084634909e-07	
2.09371063508083e-07	8.945481563048386e-08	2.152837527899999e-07	9.72312608277999e-08	
1.3685880205196167e-06	6.435415305011713e-07	9.5938971289198e-07	6.353855414701999e-07	
1.329585506889669e-08	9.787218194000824e-07	4.969295501999992e-08	9.08441917643193e-07	
6.341495554570304e-08	4.6954874718833304e-07	8.406532609999994e-08	4.673186549569599e-07	
7.420236388993829e-08	6.742731147818966e-07	9.270886318999991e-08	6.6443587798938e-07	
3.03424391101416e-07	2.6759388486070473e-07	3.053679183499999e-07	2.691235103538e-07	
5.102508264838138e-07	8.863589243429467e-07	5.02973783638e-07	8.4918295802995e-07	
1.397169969524964e-07	6.111448913870648e-07	1.500642208699999e-07	6.044919538544299e-07	
2.534773493993661e-07	5.162806923763244e-07	2.57397410926e-07	5.128747851205e-07	
7.001940430937098e-07	9.234376015894388e-07	6.75711039674e-07	8.7549295485796e-07	
8.101361734454749e-07	8.322491240143241e-07	7.655903006939999e-07	8.062578135858199e-07	
1.7523982888292828e-07	7.91635718831205e-07	1.8303865628999997e-07	7.7154977452833e-07	
7.15571596558378e-07	4.429020555347446e-07	6.889084548038e-07	4.412583902621e-07	
1.358008121970147e-06	3.9715736745091706e-07	9.5848431438537e-07	3.9641821473559997e-07	
9.836901951376392e-07	1.0451494128924073e-06	8.742403636299e-07	9.3678891229375e-07	
1.0543570498538985e-07	4.4776684707940335e-07	1.1924974005999997e-07	4.4602043038764997e-07	
1.1453636442151274e-06	1.5376672568377702e-07	9.2833928048342e-07	1.5804697785999992e-07	
1.2919038738310543e-06	1.3579460901135322e-07	9.5188997695168e-07	1.4078257229199987e-07	
1.5784970908559737e-07	5.026284666895375e-07	1.6679862377999994e-07	4.995883214827699e-07	
8.525652118599469e-07	2.2662996918355017e-07	7.966937107869999e-07	2.28953739975e-07	
6.668037752246016e-07	1.0426277326569812e-06	6.46521143339e-07	9.359305092088399e-07	
8.920932372935382e-07	1.4630085743140516e-06	8.23279015838e-07	9.84198793792489e-07	
1.262508117744706e-06	4.3026724593215845e-07	9.4832699430979e-07	4.288846070107999e-07	
1.2511204074805404e-06	8.47980975006535e-07	9.468215409958999e-07	8.191878018559899e-07	
3.2967351104036556e-07	2.338706717680917e-07	3.30615652945e-07	2.3604489726829998e-07	
1.4843211111440654e-06	9.211846836817719e-07	9.6732249438109e-07	8.7397443449683e-07	
4.5443078838480307e-07	2.1755195990260474e-07	4.5013552966999995e-07	2.2007085057909996e-07	
2.409019221084204e-07	6.241200690794408e-07	2.453560591999999e-07	6.1689652839726e-07	
7.766781934072627e-07	2.070164396290356e-07	7.394706606624e-07	2.09773991735e-07	
1.3190961164781953e-06	2.769651478099687e-07	9.5481686733904e-07	2.7832633751999996e-07	
9.071609473183994e-07	1.3077756117133374e-06	8.327197641703e-07	9.774155109632479e-07	
1.3959110438430119e-06	1.3224345671744964e-06	9.615715533724e-07	9.7827932997473e-07	
1.4420652097546153e-06	2.9099121876822035e-07	9.6478677546611e-07	2.92106102189e-07	
1.257091082119672e-06	1.1680709569555266e-06	9.476244873823e-07	9.6435118354923e-07	
8.521790705578718e-07	1.459976025044723e-06	7.964329854400999e-07	9.84104553958353e-07	
1.0533074156657137e-06	1.4914942853449992e-06	9.025712056235999e-07	9.85034953560822e-07	
1.4491831826266267e-06	7.471230086701563e-07	9.652403046441499e-07	7.318399339131e-07	
1.0470405931060852e-06	2.2023537934331755e-07	9.0035392017303e-07	2.22695624292e-07	
8.900132104284101e-07	3.398817969421533e-07	8.219330613461999e-07	3.4015955122209994e-07	
8.236694726765845e-07	1.7200638261206992e-07	7.757730355474999e-07	1.7568849062500002e-07	
1.3501585913572917e-06	7.475876500166573e-08	9.577881980165999e-07	8.393499230499998e-08	
4.268219566793936e-07	1.1531258716026904e-06	4.238186659549999e-07	9.62156762167712e-07	
1.2671585168473662e-06	1.7609145768894441e-07	9.4892042867573e-07	1.796526654769999e-07	
6.663096307234022e-07	9.68333189592446e-07	6.46083598781e-07	9.028845073535299e-07	
1.1048660890587937e-06	5.998890861392483e-07	9.183967191575e-07	5.936991048394999e-07	
3.7456031511386846e-07	7.127588590480794e-07	3.7375780177499994e-07	7.0034752485904e-07	
9.769975791629096e-07	8.91440310977837e-07	8.710485911067999e-07	8.5295402947103e-07	
1.4541865426616806e-06	3.3426197632442653e-07	9.655506613273399e-07	3.346357985633e-07	
8.842068004022136e-08	8.237458652515644e-07	1.0455215728999995e-07	7.9914308764663e-07	
3.3754673812493823e-07	1.3692870289477857e-06	3.3819738834799994e-07	9.8067633686883e-07	
1.3766152778078595e-07	1.4996800321151952e-06	1.4821457650999997e-07	9.85264848958241e-07	
3.9847338328990977e-07	2.92483108708216e-07	3.966933546409999e-07	2.935721515346e-07	
1.3985331008356416e-07	1.4868627135953588e-06	1.5021967010999988e-07	9.84909998918333e-07	
8.947434086139165e-07	5.421016815072858e-07	8.249578303738999e-07	5.379437672074e-07	
2.0113953011589065e-07	9.548558710418827e-07	2.0747383377000004e-07	8.952369885892099e-07	
1.4837122020087885e-06	3.161733621016812e-07	9.6728663528937e-07	3.1685562079380004e-07	
5.169552325060843e-07	1.2262205259595622e-06	5.09281470798e-07	9.71133272887881e-07	
3.393128396902468e-07	9.527329411844542e-07	3.3988788055599994e-07	8.939835810594e-07	
5.139598904577758e-07	4.190765784755589e-07	5.06461981533e-07	4.179182686141e-07	
9.559341960089408e-07	9.523239876921995e-07	8.604543306575e-07	8.937317519461199e-07	
1.1372351330556771e-06	1.2171308108233437e-06	9.265051807526999e-07	9.7022555664733e-07	
8.414520267413312e-07	8.301384512959213e-07	7.887893024917e-07	8.044982099641099e-07	
1.286478213772249e-06	1.1327325168403841e-06	9.512705409446e-07	9.587457907775e-07	
3.9101006239459413e-07	1.2528393171616913e-06	3.89545661851e-07	9.735100050195659e-07	
1.9189275994129129e-07	5.812628893705358e-07	1.9871998628099987e-07	5.757910311973699e-07	
1.2728453619171043e-07	1.1338858996899631e-07	1.3874249905699997e-07	1.194996196261999e-07	
8.624451601832678e-07	5.797947370959409e-07	8.035694453443999e-07	5.743750203258999e-07	
4.753064369575631e-07	5.622010026831469e-07	4.699620649189999e-07	5.573982246779e-07	
1.3435348078469354e-06	3.6529988186274675e-08	9.57184732471974e-07	5.194669938399993e-08	
9.642594584849348e-07	2.185436256683609e-07	8.647388880216e-07	2.2104076895899996e-07	
1.4832829356380363e-06	4.78100825693438e-07	9.6726295785527e-07	4.7566929935119995e-07	
1.1282933053649696e-06	1.054219489024979e-06	9.243903510732e-07	9.3976654217457e-07	
5.096275630892029e-07	1.825147692544886e-07	5.023861038522999e-07	1.8589356647999996e-07	
2.2176851817278877e-07	7.590246311534977e-07	2.27083720238e-07	7.4259876300885e-07	
1.220913948412389e-06	4.812546263703063e-07	9.4243127528338e-07	4.787479181552e-07	
5.287950756197445e-07	5.479455852314542e-07	5.20385578021e-07	5.436065947492999e-07	
1.28563146205101e-06	1.943025432439252e-07	9.5116672717779e-07	1.973693838049999e-07	
7.309531852471928e-07	4.84897565475345e-07	7.019364368628e-07	4.823032461007e-07	
7.713856205967977e-07	2.0749763262069488e-07	7.352273548133e-07	2.1024400291599993e-07	
1.3479287304641602e-06	6.439380538546828e-07	9.5758831880335e-07	6.357621423734999e-07	
1.1843200085132022e-06	1.4822392911743766e-06	9.362434727967999e-07	9.8477213320177e-07	
5.768316707493874e-07	4.1494849873728315e-07	5.650700686419999e-07	4.1387092407439994e-07	
3.8646539514213437e-07	1.4842640676483994e-06	3.8519191152899994e-07	9.84834747213249e-07	
1.2705949415982536e-06	8.124442096908301e-07	9.493541435909e-07	7.895425811598e-07	
8.362220981189413e-07	7.135376562076551e-08	7.8500462823021e-07	8.091061261299997e-08	
1.568012214104202e-07	1.3834035169509203e-06	1.6584712801e-07	9.81301848514827e-07	
6.776894184066448e-07	9.998953858936334e-07	6.561115409109999e-07	9.187973227595e-07	
6.95362100974753e-08	1.1541224321386861e-06	8.894611664999996e-08	9.62313898362256e-07	
9.142289288882234e-07	1.4687130945396348e-06	8.370143792478999e-07	9.84373463759893e-07	
1.488416661251732e-06	7.388816037161652e-07	9.6754915131733e-07	7.243438270927e-07	
8.571715673242593e-07	2.806460038309694e-07	7.999174716183999e-07	2.819420432324999e-07	
8.381750523363397e-07	8.094941593127836e-07	7.864238079275e-07	7.8701890003669e-07	
1.0329405258438498e-06	3.7825001414688e-07	8.951573566713999e-07	3.7785690785889996e-07	
1.4055443306633295e-06	1.1042070569722072e-06	9.62285599025e-07	9.530715077491499e-07	
6.982653529885478e-07	1.3883080543863405e-06	6.74049263201e-07	9.81505934034248e-07	
6.270386388577403e-07	5.625986996245157e-07	6.10954550039e-07	5.577821724630999e-07	
8.610255827568265e-08	3.6970176185725316e-07	1.0259024183999997e-07	3.6946161771095003e-07	
5.452456077419977e-07	1.4789060105592783e-07	5.357609724640999e-07	1.523871002019999e-07	
1.4372299996194007e-06	1.3620246208026402e-06	9.644795830601999e-07	9.803323309141249e-07	
6.397122934350911e-07	3.0292169419324397e-07	6.223729030908e-07	3.0383063016379997e-07	
2.017319562741448e-07	6.798235364136748e-07	2.08033349872e-07	6.696497517701099e-07	
9.73280903855394e-07	1.1589407434676684e-06	8.692442308925e-07	9.630341343293299e-07	
6.475908199387207e-07	1.4608726874138012e-06	6.2944062408e-07	9.841339252333779e-07	
3.667457660417481e-07	1.1209287954903267e-06	3.662571428069999e-07	9.56550462182692e-07	
1.182075999530051e-06	1.4655306120979262e-06	9.358273813939e-07	9.84275222979464e-07	
2.6164594762316106e-07	2.7677512907764876e-07	2.6522940587199994e-07	2.78139876567e-07	
1.0195521473417743e-06	6.779921532265103e-07	8.899061324060999e-07	6.679271922128e-07	
5.018752656372399e-07	3.35026635853597e-07	4.95083092613e-07	3.3538763912019996e-07	
9.706338688693193e-07	4.6147323629241515e-07	8.679342736077e-07	4.594256203960999e-07	
8.027343487921588e-07	3.023567175902631e-07	7.599216897301e-07	3.032753800762e-07	
4.7340870599470733e-07	1.0752043617855389e-07	4.6816238075399997e-07	1.1398579057700001e-07	
4.751274418236834e-07	6.843965059964451e-07	4.69792537841e-07	6.739362932101e-07	
4.80028507584823e-07	1.0557024343199678e-06	4.7443852847599987e-07	9.4024471583324e-07	
2.0452401778574537e-07	1.4234521204280207e-06	2.1070008374999996e-07	9.82878978275253e-07	
3.337896599317971e-07	6.600153698290151e-08	3.345746093070999e-07	7.620949470700001e-08	
7.29616099812992e-07	7.924951822754981e-07	7.00812132509e-07	7.722970029385499e-07	
1.3557125462169382e-06	2.0439181145193286e-07	9.5828262078059e-07	2.0721127852099995e-07	
9.599816173168069e-08	4.147882444951449e-07	1.1103508168000003e-07	4.137142260459599e-07	
7.277993168179743e-07	2.8944106133724496e-07	6.992797953515999e-07	2.9058289816429996e-07	
5.586390567667102e-07	1.0502204080738499e-06	5.48227396442e-07	9.3848491311732e-07	
9.975477947340958e-07	2.8689382969378506e-07	8.805722734608999e-07	2.8808007809599995e-07	
1.1299120498469706e-06	5.579780000391023e-07	9.247758742349e-07	5.533144494061e-07	
9.266704422233532e-07	8.169657535989472e-07	8.443383263576999e-07	7.933986967326999e-07	
1.824936645242562e-07	4.06903325280459e-07	1.89854893193e-07	4.0598116945979997e-07	
1.310683038789834e-06	5.65098076058637e-07	9.539470624098e-07	5.601957483098999e-07	
6.872100187800898e-07	1.3430261096034628e-07	6.644399720987999e-07	1.3935577271499995e-07	
1.323986015603095e-06	1.052588200755854e-06	9.553130077122e-07	9.392432509793899e-07	
8.35883005535927e-07	6.636395397700252e-07	7.847597188014999e-07	6.544154053510999e-07	
5.885795782364261e-07	2.7017082218776704e-07	5.75890352254e-07	2.7165377471240003e-07	
3.777925294019164e-07	1.7016433408939102e-07	3.768599691099e-07	1.739023589584e-07	
9.829691936267937e-07	1.8138174580010685e-07	8.738955136348099e-07	1.8479208966499986e-07	
1.2791276523769054e-06	3.086219951372592e-07	9.5039640768979e-07	3.0943320406429987e-07	
5.410857794548561e-07	1.3482083868754856e-06	5.3188540866e-07	9.7966467481334e-07	
1.0490103790177274e-06	3.27095504718784e-07	9.010538434915999e-07	3.275916314921999e-07	
7.325437449921441e-07	1.3424719297968183e-06	7.03279262064e-07	9.7937057304179e-07	
1.9493649585241668e-07	1.124963561307527e-06	2.0160493146999995e-07	9.57327845776591e-07	
1.269547666012875e-06	8.296902652306451e-07	9.492234206949e-07	8.041210914117999e-07	
8.866277706018888e-07	4.5225413522157483e-07	8.19745679271e-07	4.504100302300999e-07	
7.971737178512088e-07	4.883973707524825e-08	7.556209353926399e-07	6.167880202399999e-08	
3.29270910427189e-07	3.9567642968463526e-07	3.3022850696899997e-07	3.9496556231749997e-07	
7.590414519904016e-08	1.2501508739932995e-06	9.412509835999998e-08	9.73288588785537e-07	
2.837138518086475e-07	2.772502906602743e-07	2.8641855318e-07	2.7860655154569993e-07	
8.066156742054305e-07	1.1526807613450706e-06	7.629063318847e-07	9.620825358768999e-07	
1.3320633762206636e-06	9.107254513314774e-07	9.56104481119e-07	8.668047310048099e-07	
8.872310988258949e-07	4.946791549995763e-07	8.201371506996e-07	4.918419020393999e-07	
1.5215715414873065e-07	3.4060646385460787e-07	1.6152037310399993e-07	3.4087215322909995e-07	
4.108503285168041e-09	4.7270309325724093e-07	4.474762983000002e-08	4.7039977630443996e-07	
9.241398908543717e-07	1.2010308697062727e-06	8.4287451536e-07	9.6850009712446e-07	
2.3939011995476403e-07	6.099617770597865e-07	2.4390994675599997e-07	6.033588246506399e-07	
1.2918668811436996e-08	1.263839305112301e-06	4.950684296999995e-08	9.74390589387686e-07	
1.0566877325307934e-06	9.469531999767239e-07	9.037230627884999e-07	8.905038478106199e-07	
4.599966626641916e-09	6.31663796544521e-07	4.4995981919999884e-08	6.240903872490699e-07	
5.260064485734321e-07	1.1583038007265072e-06	5.17775396788e-07	9.629445206390409e-07	
4.450767348106747e-07	1.4719105400361852e-06	4.412383641e-07	9.8447280673054e-07	
9.063159980045682e-07	5.145615345399627e-07	8.321925661889e-07	5.112016262863999e-07	
4.2024408472590814e-08	7.786320918770616e-07	6.805143474999997e-08	7.6010358990007e-07	
3.094669051891949e-07	7.144658316796292e-07	3.11179971096e-07	7.0192643790558e-07	
1.396390234866099e-07	9.511040065115086e-07	1.499958257099999e-07	8.930172915537539e-07	
1.0780863775714964e-06	4.3502812515649414e-08	9.106578417656399e-07	5.737457572299997e-08	
9.706714877656412e-07	3.577800682374485e-07	8.679525237339e-07	3.5774876824549997e-07	
7.204913224358019e-07	8.085143519272431e-07	6.93096072897e-07	7.861789114501599e-07	
1.474658825662906e-06	4.0328120804476684e-07	9.6677234519964e-07	4.0242702592519995e-07	
8.785078613402696e-07	2.2548934710995271e-07	8.14419331864e-07	2.2783720377599994e-07	
5.417329445759749e-07	2.9991278733386305e-07	5.324838447287999e-07	3.0087351877089996e-07	
3.591396701422634e-07	7.161313715889265e-07	3.5894653354899995e-07	7.0346522890296e-07	
1.0774238673338086e-06	1.1094797201351524e-06	9.104600961021e-07	9.5421327948239e-07	
4.517284693857967e-07	1.0086381891529133e-06	4.475658134789999e-07	9.227088623846799e-07	
5.562952093325762e-07	4.989549026286567e-07	5.46047965008e-07	4.960092393530999e-07	
1.0075235361459475e-06	1.172058209437515e-06	8.849198936494e-07	9.649040548833899e-07	
6.147247144099886e-07	1.3407949356393156e-06	5.997972845069999e-07	9.79284554039807e-07	
1.4101479243093833e-06	4.820368044910505e-07	9.626162796842198e-07	4.795111093611e-07	
1.2162281994850289e-06	5.30849148939399e-07	9.416952043174e-07	5.270282031423e-07	
7.167438103730747e-07	6.227299460426883e-07	6.899081041686999e-07	6.155677976130999e-07	
1.2766850905026212e-06	5.300378210642239e-07	9.5010213048846e-07	5.262404983389e-07	
7.394443423755549e-07	1.1077969997419899e-06	7.09050932747e-07	9.5385860388826e-07	
9.250237880364955e-07	1.0665375547670467e-06	8.433865326622999e-07	9.435143662849699e-07	
7.76010788791428e-08	1.1864763026274075e-06	9.551528449000003e-08	9.66787948457364e-07	
6.092624500238351e-07	1.2025179128389884e-06	5.948238638229999e-07	9.68670540962319e-07	
3.004688388793354e-07	1.4053265033549189e-06	3.02537570873e-07	9.821974474234039e-07	
1.0391425611067534e-07	1.1517249471159858e-06	1.1792962192000002e-07	9.61941627806716e-07	
6.804013118857462e-07	5.214717612446407e-07	6.584884302967e-07	5.179206120934999e-07	
6.421822357344003e-07	1.208508156094984e-06	6.24593713779e-07	9.69326960715391e-07	
1.1971564770652585e-06	3.617822686940794e-07	9.3852793327258e-07	3.6168102220719987e-07	
6.850152480884655e-07	3.8299114398751144e-07	6.625247691080001e-07	3.8251269764159997e-07	
1.2255855240291665e-06	7.485292968188441e-07	9.431508368906e-07	7.331156387581999e-07	
2.5137478823971235e-07	9.995244789047934e-07	2.5538543200899995e-07	9.1863381936954e-07	
9.44078767085257e-07	1.2032840457269518e-07	8.5411603026619e-07	1.2605611935099998e-07	
5.22811035993437e-07	1.2764577469947451e-06	5.14780223858e-07	9.753331438836e-07	
9.702470154533466e-08	6.606225534066481e-07	1.1192157190999994e-07	6.5156917186717e-07	
1.1862865865145528e-06	5.148909140234035e-07	9.365934378443999e-07	5.115216799921999e-07	
1.2067697518362338e-06	5.900769823428873e-07	9.401599795593999e-07	5.842720858573999e-07	
3.8758634520792824e-07	1.352699045886613e-06	3.862644601739999e-07	9.79889456275347e-07	
8.25327653037312e-07	1.2293373381021561e-06	7.770112972913999e-07	9.714277992656199e-07	
1.4827808504958146e-06	1.1089479146214827e-06	9.672376353331e-07	9.5409728814743e-07	
4.071061840954457e-07	1.1612912616049663e-06	4.0496541805899993e-07	9.63388732768904e-07	
4.526633165519273e-08	1.4236159909140474e-06	7.041243445000001e-08	9.828849094234234e-07	
1.1967465640203828e-06	5.2572033628334e-07	9.384573491219e-07	5.220477965278999e-07	
1.1558148426740744e-06	2.457347383793302e-07	9.306038701788799e-07	2.4767357264899996e-07	
1.2514636486140888e-06	3.6762634664002e-07	9.468661632197e-07	3.6742233451689994e-07	
9.394368141664995e-07	5.638028522202538e-07	8.515651844918e-07	5.589449844146999e-07	
1.003876767911616e-06	1.3496829515117454e-06	8.833580810414999e-07	9.79735031419199e-07	
7.832220052191294e-07	5.05191198346932e-07	7.446776425799999e-07	5.020829531337999e-07	
8.515503913094502e-07	1.3121894917778852e-06	7.959875885723999e-07	9.77683571466453e-07	
1.142905463776611e-06	5.492641407228681e-07	9.277913626574e-07	5.448823360795999e-07	
5.958534741108951e-07	1.186483236494847e-06	5.825694573339999e-07	9.66783820596993e-07	
1.4140897922239104e-06	3.0876006188003364e-07	9.628973213626e-07	3.095688916379999e-07	
1.1889471549391583e-06	4.7334933262514727e-07	9.370761075602999e-07	4.710299058292e-07	
1.2244029242423987e-06	3.717929174389304e-07	9.429689372242e-07	3.7151505093719995e-07	
